32.664526;-115.441296;0.88;2.92;1.41;10.84;-1.57;-1.00;-0.05;14.95;7.15;24.20;12.80;101451;-0.83

32.664524;-115.441294;0.90;2.95;1.48;10.83;-1.22;-0.92;-0.11;15.13;7.51;24.30;12.13;101446;-0.58

32.664523;-115.441295;0.90;2.96;1.48;10.84;-1.66;-0.82;-0.05;15.15;7.53;24.30;12.05;101446;-0.67

32.664523;-115.441295;0.90;2.87;1.46;10.85;-1.64;-1.55;1.00;14.72;7.42;24.30;11.88;101446;-0.67

32.664522;-115.441294;0.90;2.77;2.17;10.93;11.07;-0.44;5.05;13.98;10.91;24.30;12.38;101443;-0.41

32.664520;-115.441293;0.90;-1.01;8.49;2.14;81.21;-10.08;0.50;-6.57;74.49;24.30;12.21;101450;-0.08

32.664520;-115.441291;0.90;-0.23;9.55;1.63;-2.32;-0.09;0.48;-1.35;80.25;24.30;12.21;101448;-0.75

32.664523;-115.441298;0.90;-0.22;9.69;1.82;-1.98;-0.88;-0.88;-1.28;79.30;24.30;12.30;101446;-0.25

32.664525;-115.441303;0.90;0.03;10.22;1.54;1.98;6.24;-1.65;0.15;81.45;24.30;12.96;101444;-0.33

32.664527;-115.441307;0.90;0.06;9.44;1.02;0.10;-1.58;-2.43;0.39;83.85;24.30;12.30;101441;-0.25

32.664528;-115.441310;0.88;-0.39;9.45;1.27;-5.56;-15.44;-1.46;-2.36;82.02;24.30;12.55;101437;0.25

32.664530;-115.441311;0.88;0.18;9.53;1.55;2.30;13.73;-2.49;1.05;80.76;24.30;12.96;101433;0.17

32.664532;-115.441313;0.88;0.08;9.11;1.51;6.27;7.77;13.08;0.48;80.64;24.30;13.04;101426;0.25

32.664531;-115.441314;0.88;0.10;9.28;0.98;-14.50;1.26;7.44;0.59;84.00;24.30;12.96;101436;0.17

32.664531;-115.441312;0.88;-0.06;9.53;1.12;-8.61;0.07;-2.90;-0.34;83.32;24.30;12.80;101438;0.50

32.664532;-115.441314;0.88;0.36;9.32;0.52;6.08;-3.27;8.74;2.21;86.15;24.30;12.88;101442;-0.58

32.664532;-115.441314;0.88;-0.60;9.78;0.41;-13.38;-9.22;10.83;-3.53;85.77;24.30;12.46;101442;-0.08

32.664532;-115.441314;0.88;0.22;10.07;1.23;-4.10;-0.61;-0.96;1.24;82.95;24.30;12.46;101445;-0.25

32.664534;-115.441315;0.88;0.24;9.54;1.11;-1.27;2.50;-0.35;1.44;83.26;24.40;12.46;101449;-0.41

32.664533;-115.441315;0.88;-0.25;9.63;1.07;12.53;6.23;-12.63;-1.50;83.52;24.40;12.21;101446;-0.33

32.664532;-115.441313;0.88;-0.51;9.07;0.64;2.41;-28.97;3.98;-3.24;84.86;24.40;12.05;101444;-0.91

32.664532;-115.441312;0.88;-0.53;10.16;1.98;-9.51;-1.73;4.02;-2.92;78.62;24.40;11.96;101445;-0.41

32.664531;-115.441314;0.88;-0.37;10.21;0.47;5.02;-10.08;-0.67;-2.08;86.67;24.40;12.05;101444;-0.67

32.664528;-115.441313;0.88;1.57;8.31;2.83;6.05;9.27;-7.37;10.15;68.74;24.40;12.30;101444;-0.25

32.664528;-115.441314;0.88;0.50;9.66;1.05;-0.76;-0.31;1.60;2.96;83.15;24.40;11.55;101446;-0.25

32.664527;-115.441314;0.98;0.44;9.62;0.84;1.64;-1.02;-2.22;2.60;84.41;24.40;12.30;101442;-0.91

32.664533;-115.441317;0.98;0.30;9.60;0.96;-8.35;-0.70;2.49;1.76;84.04;24.40;12.30;101446;-1.00

32.664534;-115.441317;0.98;0.11;9.65;1.81;-2.47;-1.22;0.90;0.67;79.41;24.40;12.55;101447;-0.33

32.664534;-115.441318;0.99;0.15;9.67;1.51;-2.98;-1.29;-0.20;0.90;81.11;24.40;12.46;101442;-0.58

32.664535;-115.441319;0.98;0.10;9.66;1.39;-1.74;-0.95;0.15;0.60;81.83;24.40;12.46;101448;-0.25

32.664539;-115.441318;0.88;0.19;9.63;1.52;-2.31;-1.19;0.62;1.13;81.00;24.40;12.38;101449;-0.58

32.664541;-115.441317;0.88;0.19;9.66;1.52;-0.05;-1.18;0.09;1.12;81.06;24.40;12.13;101439;-0.75

32.664543;-115.441318;0.88;0.12;9.60;1.56;-2.64;-1.04;0.29;0.69;80.77;24.40;12.63;101444;-0.25

32.664545;-115.441318;0.88;0.05;9.71;1.60;-1.56;-1.00;0.49;0.29;80.69;24.40;12.13;101444;-0.75

32.664548;-115.441319;0.88;-0.02;9.68;2.22;-8.33;-0.96;-0.17;-0.10;77.09;24.40;12.38;101439;-0.08

32.664552;-115.441318;0.88;0.08;9.70;1.70;-1.90;-0.94;0.04;0.45;80.11;24.40;11.88;101447;-0.17

32.664553;-115.441319;0.88;0.12;9.69;1.73;-1.96;-1.05;0.25;0.70;79.92;24.40;12.30;101445;-0.08

32.664553;-115.441322;0.88;0.18;9.62;1.68;-1.98;-0.95;-0.21;1.04;80.07;24.40;11.96;101441;-0.33

32.664554;-115.441323;0.88;0.19;9.64;1.72;-1.20;-1.27;0.25;1.09;79.89;24.40;12.05;101440;-0.50

32.664555;-115.441321;0.88;0.11;9.84;1.11;-3.69;-0.79;-0.46;0.65;83.58;24.40;12.13;101443;0.00

32.664556;-115.441321;0.88;0.18;9.64;1.61;-2.25;-1.17;0.46;1.08;80.49;24.40;12.21;101450;-0.58

32.664557;-115.441321;0.88;0.23;9.58;1.71;-0.02;-0.93;-0.34;1.35;79.82;24.40;12.63;101442;0.33

32.664556;-115.441321;0.88;0.17;9.63;1.64;-1.24;-1.05;-0.12;1.01;80.29;24.40;12.63;101445;-0.58

32.664557;-115.441321;0.88;0.20;9.60;1.67;-0.26;-1.11;-0.11;1.20;80.08;24.40;12.05;101443;-0.75

32.664558;-115.441322;0.88;0.14;9.65;1.53;-2.64;-1.04;1.27;0.82;81.02;24.40;12.38;101443;-0.17

32.664560;-115.441323;0.88;0.18;9.61;1.85;-0.54;-1.09;0.57;1.05;79.11;24.40;12.30;101442;-0.67

32.664558;-115.441323;0.88;0.00;9.64;2.03;-19.32;-0.78;-3.74;0.00;78.15;24.40;12.63;101446;0.00

32.664561;-115.441313;0.88;0.20;9.32;2.85;-11.13;-2.63;8.12;1.15;72.99;24.50;12.71;101443;-0.50

32.664564;-115.441308;0.88;-0.07;9.69;2.21;-0.63;-0.99;0.35;-0.40;77.17;24.50;12.38;101444;-0.50

32.664565;-115.441308;0.97;-0.06;9.64;2.39;-0.13;-1.03;0.63;-0.35;76.10;24.50;12.80;101441;-0.33

32.664566;-115.441310;0.97;-0.20;9.72;2.40;-3.51;-1.58;-0.23;-1.12;76.12;24.50;12.30;101447;-0.50

32.664565;-115.441313;0.97;-0.10;9.62;2.01;-0.27;-0.81;-1.14;-0.59;78.20;24.50;12.55;101445;-0.08

32.664567;-115.441313;0.97;-0.16;9.57;2.29;-1.77;-0.73;0.37;-0.92;76.56;24.50;12.71;101442;-0.17

32.664571;-115.441313;0.97;-0.10;9.62;2.06;-2.00;-0.82;-0.05;-0.60;77.96;24.50;12.30;101446;-0.17

12.03;101729;-0.50,-19,11

+RCV=1,99,32.628921;-115.446647;1.94;-0.17;-0.14;11.32;-1.80;-1.06;0.11;-0.87;-0.70;28.20;-11.78;101732;-0.17,-19,11

+RCV=1,100,32.628918;-115.446642;1.94;-0.16;-0.12;11.31;-1.62;-0.82;-0.03;-0.80;-0.63;28.20;-11.29;101729;-0.25,-17,11

+RCV=1,100,32.628918;-115.446640;1.94;-0.19;-0.14;11.23;-1.68;-1.00;-0.11;-0.99;-0.73;28.20;-11.54;101734;-1.08,-16,11

+RCV=1,100,32.628922;-115.446641;1.94;-0.23;-0.15;11.23;-1.57;-0.90;-0.09;-1.17;-0.75;28.20;-11.37;101733;-0.75,-20,11

+RCV=1,99,32.628910;-115.446648;1.94;-0.19;-0.11;11.41;-1.72;-0.93;-0.02;-0.95;-0.58;28.20;-11.54;101734;0.08,-14,10

+RCV=1,99,32.628909;-115.446646;1.94;-0.18;-0.12;11.38;-1.77;-1.00;-0.02;-0.90;-0.60;28.20;-11.37;101726;0.58,-14,11

+RCV=1,99,32.628922;-115.446649;1.19;-0.21;-0.08;11.29;-1.73;-0.87;-0.09;-1.07;-0.39;28.20;-11.29;101728;0.17,-15,11

+RCV=1,98,32.628916;-115.446649;1.19;-0.24;-0.10;11.32;-1.67;-0.85;0.04;-1.20;-0.48;28.20;-10.87;101727;0.42,-15,11

+RCV=1,97,32.628899;-115.446649;1.19;-0.27;-0.18;11.30;0.62;-1.00;3.41;-1.37;-0.93;28.20;-11.37;101728;0.66,-14,10

+RCV=1,97,32.628891;-115.446650;1.19;-0.24;1.29;11.38;12.05;-3.81;-0.73;-1.22;6.45;28.20;-11.20;101726;0.75,-19,11

+RCV=1,96,32.628882;-115.446650;1.19;-2.36;5.15;9.34;19.53;8.92;3.68;-12.49;28.12;28.20;-11.12;101732;0.00,-23,11

+RCV=1,97,32.628874;-115.446652;1.25;1.48;7.07;8.39;-15.49;-37.63;20.02;7.71;39.69;28.20;-11.20;101726;0.17,-22,9


-7.72;101694;-0.42,-12,10

+RCV=1,98,32.628840;-115.446639;0.97;-0.20;-0.15;11.35;-1.73;-0.98;-0.10;-0.99;-0.77;28.10;-8.13;101689;0.17,-12,10

+RCV=1,99,32.628840;-115.446639;0.97;-0.23;-0.11;11.30;-1.90;-0.96;-0.05;-1.18;-0.56;28.10;-8.47;101689;-0.17,-12,10

+RCV=1,99,32.628840;-115.446638;0.97;-0.19;-0.09;11.25;-1.72;-0.93;-0.02;-0.98;-0.44;28.10;-7.89;101686;-0.17,-12,10

+RCV=1,98,32.628840;-115.446640;0.97;-0.17;-0.12;11.26;-1.67;-1.08;-0.15;-0.88;-0.63;28.10;-7.72;101686;0.17,-12,10

+RCV=1,98,32.628840;-115.446640;0.90;-0.21;-0.14;11.20;-1.67;-1.11;0.08;-1.08;-0.72;28.10;-7.97;101690;-0.50,-16,10

+RCV=1,97,32.628842;-115.446641;0.97;-0.20;-0.19;11.25;-1.63;-1.17;0.13;-1.02;-0.99;28.10;-8.22;101692;0.50,-11,10

+RCV=1,98,32.628843;-115.446640;0.90;-0.19;-0.11;11.32;-1.63;-0.89;-0.13;-0.97;-0.57;28.10;-7.80;101687;0.66,-12,10

+RCV=1,97,32.628845;-115.446640;0.90;-0.16;-0.11;11.36;-1.70;-0.75;0.00;-0.81;-0.53;28.10;-8.30;101695;0.08,-12,10

+RCV=1,98,32.628846;-115.446639;0.90;-0.14;-0.14;11.28;-1.72;-0.97;-0.28;-0.71;-0.69;28.10;-7.89;101691;0.33,-12,10

+RCV=1,98,32.628846;-115.446639;0.90;-0.20;-0.08;11.30;-1.69;-1.31;-0.09;-1.00;-0.40;28.10;-8.38;101688;0.75,-12,10

+RCV=1,98,32.628845;-115.446639;0.90;-0.25;-0.14;11.30;-1.58;-0.99;0.15;-1.26;-0.70;28.10;-8.30;101697;-0.08,-12,10

+RCV=1,98,32.628845;-115.446639;0.90;-0.18;-0.12;11.26;-1.73;-0.86;0.15;-0.91;-0.63;28.10;-8.47;101689;-0.17,-12,10

+RCV=1,98,32.628845;-115.446639;0.90;-0.22;-0.11;11.24;-1.53;-0.88;-0.06;-1.10;-0.54;28.10;-8.55;101690;0.25,-12,10

+RCV=1,98,32.628844;-115.446640;0.90;-0.14;-0.11;11.36;-1.68;-0.82;-0.09;-0.71;-0.58;28.10;-7.64;101686;0.66,-12,10

+RCV=1,98,32.628845;-115.446639;0.90;-0.17;-0.13;11.41;-1.76;-1.29;-0.20;-0.88;-0.65;28.10;-7.97;101691;0.00,-12,10

+RCV=1,98,32.628845;-115.446639;0.90;-0.20;-0.14;11.31;-1.75;-0.85;-0.09;-1.03;-0.69;28.20;-7.47;101684;0.00,-12,10

+RCV=1,98,32.628845;-115.446640;0.90;-0.16;-0.19;11.28;-1.69;-1.12;-0.07;-0.81;-0.95;28.10;-7.72;101687;0.25,-11,10

+RCV=1,98,32.628844;-115.446641;0.90;-0.17;-0.15;11.34;-1.85;-0.93;-0.01;-0.86;-0.74;28.10;-7.47;101683;0.33,-12,11

+RCV=1,98,32.628845;-115.446642;0.90;-0.17;-0.12;11.26;-1.84;-1.02;-0.30;-0.88;-0.61;28.10;-7.64;101685;0.58,-12,11

+RCV=1,98,32.628845;-115.446642;0.90;-0.15;-0.11;11.20;-1.82;-0.98;-0.06;-0.75;-0.56;28.10;-7.80;101683;0.42,-12,10

+RCV=1,98,32.628846;-115.446642;0.90;-0.19;-0.14;11.34;-1.71;-0.81;-0.06;-0.98;-0.73;28.20;-7.55;101681;0.75,-12,10

+RCV=1,97,32.628845;-115.446643;0.90;-0.20;-0.12;11.31;-1.75;-0.90;0.16;-0.99;-0.63;28.20;-7.47;101683;0.25,-12,10

+RCV=1,97,32.628845;-115.446643;0.90;-0.16;-0.15;11.31;-1.67;-0.92;0.16;-0.81;-0.74;28.20;-7.55;101687;0.33,-11,11

+RCV=1,97,32.628845;-115.446642;0.90;-0.17;-0.17;11.28;-1.70;-1.09;0.06;-0.86;-0.85;28.20;-7.47;101689;0.08,-12,10

+RCV=1,98,32.628845;-115.446642;0.90;-0.17;-0.16;11.32;-1.77;-0.98;-0.12;-0.87;-0.79;28.20;-7.72;101685;0.42,-12,10

+RCV=1,97,32.628845;-115.446640;0.90;-0.17;-0.11;11.24;-1.78;-0.95;0.00;-0.87;-0.54;28.20;-7.97;101691;0.42,-12,10

+RCV=1,98,32.628845;-115.446640;0.90;-0.11;-0.17;11.27;-1.78;-0.96;-0.06;-0.54;-0.86;28.20;-7.55;101688;0.08,-12,11

+RCV=1,99,32.628845;-115.446640;0.90;-0.13;-0.13;11.31;-1.83;-1.01;-0.12;-0.64;-0.67;28.20;-7.80;101689;-0.08,-12,10

+RCV=1,97,32.628845;-115.446639;0.90;-0.20;-0.22;11.29;-1.78;-0.95;0.00;-1.01;-1.12;28.20;-7.64;101690;0.83,-12,10

+RCV=1,98,32.628845;-115.446638;0.90;-0.17;-0.10;11.30;-1.79;-1.05;-0.15;-0.89;-0.49;28.20;-7.89;101686;0.33,-12,10

+RCV=1,97,32.628845;-115.446637;0.90;-0.15;-0.09;11.26;-1.57;-0.92;0.06;-0.78;-0.48;28.20;-7.55;101685;0.66,-11,11

+RCV=1,97,32.628845;-115.446636;0.90;-0.12;-0.17;11.33;-1.68;-1.03;0.12;-0.63;-0.87;28.20;-7.89;101688;0.33,-11,10

+RCV=1,98,32.628844;-115.446633;0.90;-0.18;-0.09;11.32;-1.74;-1.06;-0.08;-0.91;-0.44;28.10;-7.97;101684;0.50,-13,10

+RCV=1,98,32.628845;-115.446632;0.90;-0.17;-0.15;11.30;-1.77;-0.85;0.03;-0.86;-0.78;28.20;-7.80;101684;-0.08,-12,10

+RCV=1,99,32.628844;-115.446632;0.90;-0.19;-0.14;11.36;-1.85;-1.14;-0.02;-0.98;-0.70;28.20;-8.13;101690;-0.17,-12,10

+RCV=1,97,32.628844;-115.446631;0.90;-0.16;-0.16;11.34;-1.66;-1.02;0.08;-0.82;-0.80;28.20;-7.47;101686;0.50,-12,11

+RCV=1,98,32.628844;-115.446631;0.90;-0.17;-0.14;11.26;-1.67;-0.94;-0.11;-0.89;-0.73;28.10;-7.64;101685;0.00,-12,10

+RCV=1,98,32.628843;-115.446630;0.90;-0.18;-0.17;11.20;-1.74;-1.05;-0.12;-0.92;-0.87;28.10;-7.97;101688;0.50,-12,10

+RCV=1,98,32.628843;-115.446629;0.90;-0.15;-0.07;11.36;-1.74;-0.95;-0.24;-0.74;-0.36;28.10;-8.22;101686;0.50,-12,10

+RCV=1,98,32.628843;-115.446629;0.90;-0.20;-0.13;11.30;-1.66;-1.05;-0.06;-1.03;-0.66;28.10;-7.89;101680;0.17,-12,10

+RCV=1,98,32.628843;-115.446628;0.90;-0.16;-0.12;11.31;-1.77;-1.21;-0.02;-0.82;-0.61;28.20;-7.47;101682;0.66,-12,10

+RCV=1,98,32.628843;-115.446628;0.90;-0.15;-0.13;11.41;-1.73;-0.95;-0.05;-0.76;-0.66;28.20;-7.97;101683;0.66,-12,11

+RCV=1,97,32.628842;-115.446629;0.90;-0.19;-0.14;11.28;-1.69;-1.15;0.02;-0.95;-0.72;28.20;-7.97;101686;0.17,-12,10

+RCV=1,98,32.628842;-115.446629;0.90;-0.14;-0.10;11.33;-1.73;-1.09;-0.02;-0.69;-0.50;28.20;-7.39;101687;0.17,-12,10

+RCV=1,98,32.628844;-115.446628;0.96;-0.22;-0.15;11.41;-1.78;-1.02;-0.07;-1.12;-0.77;28.20;-8.05;101688;0.33,-12,10

+RCV=1,98,32.628843;-115.446628;0.96;-0.10;-0.11;11.31;-1.69;-1.02;-0.05;-0.49;-0.57;28.20;-7.89;101685;0.17,-12,10

+RCV=1,97,32.628843;-115.446627;0.96;-0.21;-0.08;11.34;-1.59;-0.90;0.11;-1.04;-0.41;28.20;-8.05;101687;0.42,-12,10

+RCV=1,98,32.628844;-115.446627;0.96;-0.20;-0.10;11.24;-1.67;-1.09;-0.09;-1.00;-0.53;28.20;-7.72;101686;0.66,-12,11

+RCV=1,98,32.628844;-115.446627;0.96;-0.18;-0.12;11.31;-1.69;-1.04;0.02;-0.91;-0.62;28.20;-7.64;101687;-0.08,-12,10

+RCV=1,97,32.628844;-115.446627;0.96;-0.18;-0.11;11.28;-1.75;-0.98;0.04;-0.90;-0.56;28.20;-7.47;101686;0.50,-11,10

+RCV=1,97,32.628843;-115.446627;0.96;-0.16;-0.11;11.30;-1.77;-0.84;0.08;-0.81;-0.55;28.20;-8.13;101693;0.42,-12,10

+RCV=1,97,32.628844;-115.446627;0.90;-0.22;-0.17;11.27;-1.73;-1.11;0.15;-1.13;-0.89;28.20;-7.39;101688;0.08,-12,10

+RCV=1,98,32.628844;-115.446626;0.90;-0.17;-0.15;11.31;-1.88;-0.96;0.06;-0.84;-0.78;28.20;-7.97;101685;-0.17,-12,10

+RCV=1,98,32.628844;-115.446626;0.90;-0.17;-0.17;11.30;-1.68;-0.82;-0.03;-0.87;-0.89;28.20;-7.97;101682;0.50,-11,11

+RCV=1,97,32.628844;-115.446626;0.90;-0.21;-0.14;11.28;-1.85;-1.11;0.05;-1.07;-0.73;28.20;-7.89;101689;0.33,-12,11

+RCV=1,98,32.628844;-115.446626;0.90;-0.21;-0.17;11.27;-1.77;-1.09;-0.11;-1.05;-0.88;28.20;-7.89;101693;0.33,-11,10

+RCV=1,97,32.628842;-115.446628;0.90;-0.17;-0.11;11.33;-1.70;-0.95;0.05;-0.85;-0.56;28.20;-8.13;101689;0.00,-11,11

+RCV=1,98,32.628842;-115.446627;0.90;-0.19;-0.19;11.27;-1.64;-0.98;-0.10;-0.95;-0.95;28.20;-7.89;101685;0.08,-11,11

+RCV=1,98,32.628842;-115.446627;0.96;-0.17;-0.12;11.24;-1.82;-1.05;-0.14;-0.85;-0.61;28.20;-8.55;101689;0.42,-12,11

+RCV=1,98,32.628842;-115.446627;0.96;-0.16;-0.12;11.24;-1.82;-0.72;-0.12;-0.81;-0.63;28.20;-7.55;101688;0.25,-15,11

+RCV=1,97,32.628842;-115.446628;0.96;-0.21;-0.15;11.26;-1.58;-0.76;0.12;-1.07;-0.74;28.20;-8.13;101688;0.33,-12,11

+RCV=1,99,32.628842;-115.446628;0.96;-0.11;-0.21;11.32;-1.63;-0.88;-0.37;-0.57;-1.05;28.20;-8.47;101691;-0.08,-13,10

+RCV=1,98,32.628842;-115.446628;0.96;-0.11;-0.19;11.24;-1.76;-0.80;-0.27;-0.57;-0.99;28.20;-8.47;101693;0.08,-14,11

+RCV=1,97,32.628842;-115.446628;0.96;-0.00;-0.05;11.47;-1.63;-1.00;0.11;-0.01;-0.25;28.20;-7.80;101692;0.08,-11,11

+RCV=1,98,32.628842;-115.446627;0.96;-0.26;-0.09;11.28;-1.66;-1.04;-0.09;-1.30;-0.46;28.20;-7.80;101690;0.50,-11,10

+RCV=1,98,32.628840;-115.446626;0.96;-0.20;-0.20;11.28;-1.55;-0.87;-0.15;-1.00;-1.00;28.20;-7.89;101693;0.33,-11,11

+RCV=1,97,32.628840;-115.446627;0.96;-0.20;-0.11;11.32;-1.75;-1.21;0.07;-1.01;-0.56;28.20;-7.47;101687;0.50,-11,10

+RCV=1,98,32.628840;-115.446628;0.96;-0.11;-0.21;11.28;-1.69;-0.94;-0.02;-0.58;-1.05;28.20;-7.47;101689;0.17,-11,11

+RCV=1,99,32.628839;-115.446629;0.96;-0.22;-0.14;11.37;-1.78;-0.98;-0.06;-1.10;-0.69;28.20;-7.72;101685;-0.08,-11,11

+RCV=1,97,32.628838;-115.446629;0.96;-0.15;-0.11;11.32;-1.88;-1.17;0.03;-0.76;-0.57;28.20;-7.89;101685;0.08,-10,11

+RCV=1,98,32.628837;-115.446628;0.96;-0.13;-0.16;11.27;-1.71;-1.06;-0.14;-0.65;-0.79;28.20;-8.30;101687;0.66,-12,10

+RCV=1,98,32.628837;-115.446629;0.96;-0.17;-0.14;11.21;-1.85;-0.98;-0.11;-0.84;-0.71;28.20;-7.30;101688;0.66,-11,11

+RCV=1,97,32.628836;-115.446629;0.96;-0.11;-0.18;11.28;-1.83;-1.01;0.02;-0.56;-0.94;28.20;-7.72;101685;0.33,-12,11

+RCV=1,98,32.628836;-115.446629;0.96;-0.17;-0.16;11.31;-1.69;-1.00;-0.14;-0.86;-0.79;28.20;-8.05;101691;0.00,-12,10

+RCV=1,97,32.628836;-115.446629;0.96;-0.15;-0.20;11.34;-1.76;-0.95;0.19;-0.75;-1.02;28.20;-7.64;101684;0.08,-12,11

+RCV=1,98,32.628836;-115.446629;0.96;-0.18;-0.12;11.37;-1.81;-0.89;-0.09;-0.89;-0.62;28.20;-7.55;101685;0.83,-13,10

+RCV=1,97,32.628836;-115.446629;0.96;-0.18;-0.03;11.33;-1.74;-0.95;0.04;-0.93;-0.16;28.20;-7.80;101684;0.42,-10,11

+RCV=1,95,32.628835;-115.446629;0.96;-0.13;0.04;11.42;-1.70;-1.10;0.03;-0.67;0.19;28.20;-7.97;101682;0.50,-12,11

+RCV=1,99,32.628836;-115.446629;0.96;-0.22;-0.04;11.32;-1.76;-0.85;-0.05;-1.10;-0.22;28.20;-7.72;101693;-0.08,-13,11

+RCV=1,98,32.628836;-115.446629;0.96;-0.18;-0.17;11.25;-1.66;-1.04;0.01;-0.90;-0.85;28.20;-7.89;101693;-0.33,-13,11

+RCV=1,98,32.628836;-115.446628;0.96;-0.19;-0.11;11.26;-1.76;-0.94;-0.02;-0.96;-0.56;28.20;-7.22;101682;0.75,-13,10

+RCV=1,98,32.628836;-115.446628;0.96;-0.23;-0.18;11.31;-1.62;-1.05;0.18;-1.15;-0.90;28.20;-7.89;101684;-0.08,-13,11

+RCV=1,97,32.628836;-115.446628;0.96;-0.18;-0.19;11.34;-1.75;-0.98;0.02;-0.91;-0.97;28.20;-7.80;101680;0.00,-12,11

+RCV=1,98,32.628838;-115.446628;0.96;-0.12;-0.17;11.33;-1.69;-0.97;-0.04;-0.62;-0.87;28.20;-7.30;101692;0.00,-13,11

+RCV=1,97,32.628839;-115.446628;0.96;-0.18;-0.17;11.27;-1.76;-1.07;0.21;-0.94;-0.84;28.20;-8.05;101688;0.00,-12,11

+RCV=1,98,32.628840;-115.446628;0.96;-0.15;-0.16;11.24;-1.79;-0.90;-0.05;-0.76;-0.81;28.20;-8.38;101693;0.00,-13,10

+RCV=1,97,32.628840;-115.446628;0.96;-0.19;-0.15;11.26;-1.79;-0.94;0.03;-0.95;-0.77;28.20;-8.13;101687;0.42,-10,11

+RCV=1,97,32.628842;-115.446628;0.96;-0.18;-0.12;11.32;-1.79;-1.00;0.03;-0.90;-0.59;28.20;-8.05;101688;0.17,-12,10

+RCV=1,99,32.628844;-115.446628;0.96;-0.18;-0.13;11.31;-1.79;-0.82;-0.15;-0.93;-0.67;28.20;-8.22;101687;-0.25,-13,11

+RCV=1,98,32.628845;-115.446628;0.96;-0.15;-0.12;11.29;-1.73;-0.80;0.07;-0.78;-0.61;28.20;-8.30;101692;-0.25,-13,11

+RCV=1,98,32.628847;-115.446626;0.96;-0.18;-0.06;11.32;-1.73;-1.11;-0.16;-0.90;-0.29;28.20;-8.47;101693;0.17,-12,10

+RCV=1,98,32.628848;-115.446626;0.96;-0.19;-0.14;11.31;-1.83;-1.05;-0.07;-0.96;-0.70;28.20;-8.30;101695;0.25,-13,11

+RCV=1,99,32.628848;-115.446627;0.96;-0.16;-0.18;11.29;-1.79;-0.95;-0.07;-0.81;-0.92;28.20;-7.89;101699;-0.91,-13,11

+RCV=1,97,32.628849;-115.446627;0.96;-0.15;-0.17;11.20;-1.77;-1.09;0.07;-0.75;-0.85;28.20;-8.80;101698;0.00,-12,11

+RCV=1,99,32.628852;-115.446625;0.96;-0.17;-0.11;11.38;-1.59;-0.99;-0.08;-0.86;-0.57;28.20;-8.22;101693;-0.08,-12,10

+RCV=1,99,32.628855;-115.446624;0.96;-0.13;-0.14;11.27;-1.65;-0.91;-0.10;-0.66;-0.71;28.20;-8.55;101695;-0.08,-13,11

+RCV=1,99,32.628855;-115.446625;0.96;-0.17;-0.14;11.30;-1.63;-0.94;-0.08;-0.84;-0.73;28.20;-8.05;101695;-0.08,-13,10

+RCV=1,97,32.628857;-115.446624;0.90;-0.18;-0.17;11.29;-1.73;-1.01;0.08;-0.91;-0.86;28.20;-7.80;101688;0.08,-12,10

+RCV=1,98,32.628858;-115.446625;0.96;-0.18;-0.10;11.26;-1.62;-1.03;-0.02;-0.91;-0.50;28.20;-8.22;101689;0.66,-12,10

+RCV=1,98,32.628859;-115.446624;0.90;-0.18;-0.15;11.26;-1.69;-0.87;-0.16;-0.93;-0.74;28.20;-7.55;101689;0.08,-12,11

+RCV=1,97,32.628860;-115.446623;0.90;-0.16;-0.16;11.40;-1.60;-0.90;0.31;-0.78;-0.82;28.20;-8.22;101688;0.08,-14,10

+RCV=1,98,32.628860;-115.446623;0.90;-0.12;-0.16;11.27;-1.82;-0.85;-0.27;-0.62;-0.80;28.20;-7.97;101685;0.33,-13,10

+RCV=1,98,32.628861;-115.446622;0.90;-0.24;-0.12;11.32;-1.65;-0.98;-0.05;-1.22;-0.63;28.20;-7.97;101688;0.17,-14,10

+RCV=1,98,32.628861;-115.446622;0.90;-0.17;-0.12;11.36;-1.71;-1.14;-0.21;-0.86;-0.60;28.20;-7.89;101687;0.33,-13,10

+RCV=1,98,32.628861;-115.446621;0.90;-0.18;-0.08;11.29;-1.59;-0.76;-0.10;-0.94;-0.40;28.20;-7.97;101688;0.08,-13,10

+RCV=1,98,32.628862;-115.446622;0.90;-0.15;-0.13;11.16;-1.62;-1.07;-0.10;-0.76;-0.65;28.20;-8.22;101686;0.08,-13,11

+RCV=1,97,32.628863;-115.446621;0.90;-0.22;-0.16;11.31;-1.77;-1.06;0.08;-1.12;-0.79;28.20;-8.47;101687;0.33,-11,11

+RCV=1,99,32.628863;-115.446620;0.90;-0.15;-0.17;11.30;-1.70;-1.08;-0.02;-0.75;-0.84;28.20;-8.63;101693;-0.42,-13,11

+RCV=1,98,32.628863;-115.446620;0.90;-0.20;-0.10;11.36;-1.73;-0.85;-0.13;-1.01;-0.51;28.20;-8.30;101693;0.08,-16,11

+RCV=1,97,32.628864;-115.446619;0.90;-0.19;-0.17;11.32;-1.66;-0.90;0.09;-0.95;-0.84;28.30;-8.38;101694;0.17,-12,10

+RCV=1,99,32.628865;-115.446618;0.90;-0.16;-0.15;11.25;-1.66;-1.11;-0.11;-0.80;-0.76;28.20;-8.05;101687;-0.17,-13,10

+RCV=1,99,32.628866;-115.446618;0.96;-0.23;-0.15;11.41;-1.67;-0.84;-0.16;-1.14;-0.77;28.20;-8.47;101696;-0.58,-12,11

+RCV=1,98,32.628865;-115.446619;0.96;-0.16;-0.11;11.33;-1.91;-1.05;-0.03;-0.82;-0.54;28.30;-8.30;101692;0.00,-13,11

+RCV=1,99,32.628864;-115.446619;0.96;-0.26;-0.15;11.34;-1.71;-1.00;-0.16;-1.32;-0.74;28.30;-8.05;101692;-0.58,-13,11

+RCV=1,98,32.628863;-115.446620;0.96;-0.18;-0.13;11.37;-1.60;-0.98;-0.10;-0.92;-0.65;28.30;-8.55;101698;0.17,-13,11

+RCV=1,97,32.628863;-115.446621;0.96;-0.10;-0.16;11.31;-1.76;-1.09;0.05;-0.50;-0.82;28.30;-8.22;101696;0.50,-13,11

+RCV=1,97,32.628863;-115.446621;0.96;-0.19;-0.09;11.29;-1.79;-1.13;0.20;-0.95;-0.46;28.30;-7.89;101688;0.66,-13,11

+RCV=1,98,32.628864;-115.446621;0.96;-0.11;-0.20;11.24;-1.75;-1.17;-0.03;-0.54;-1.04;28.30;-8.05;101685;0.08,-13,10

+RCV=1,97,32.628864;-115.446621;0.96;-0.17;-0.15;11.36;-1.54;-1.16;0.01;-0.86;-0.74;28.30;-8.30;101684;0.00,-13,11

+RCV=1,99,32.628863;-115.446622;0.96;-0.22;-0.21;11.27;-1.73;-0.92;-0.06;-1.11;-1.08;28.20;-8.47;101686;-0.50,-12,10

+RCV=1,97,32.628864;-115.446622;0.96;-0.18;-0.16;11.25;-1.68;-0.75;0.06;-0.90;-0.79;28.30;-7.97;101694;0.08,-12,10

+RCV=1,98,32.628864;-115.446623;0.96;-0.17;-0.08;11.20;-1.73;-0.82;-0.03;-0.87;-0.43;28.30;-7.89;101685;0.17,-12,10

+RCV=1,98,32.628864;-115.446622;0.96;-0.20;-0.17;11.29;-1.82;-1.00;-0.18;-1.02;-0.86;28.30;-8.30;101685;0.50,-13,11

+RCV=1,98,32.628864;-115.446622;0.96;-0.16;-0.10;11.28;-1.75;-1.09;-0.05;-0.80;-0.50;28.30;-7.80;101686;0.33,-13,11

+RCV=1,97,32.628865;-115.446621;0.96;-0.21;-0.15;11.29;-1.50;-1.05;0.05;-1.07;-0.74;28.30;-7.80;101683;0.08,-13,10

+RCV=1,97,32.628864;-115.446621;0.96;-0.27;-0.19;11.48;-1.67;-1.16;0.02;-1.35;-0.96;28.30;-7.64;101683;0.33,-12,11

+RCV=1,98,32.628864;-115.446621;0.96;-0.16;-0.17;11.28;-1.63;-0.98;-0.06;-0.79;-0.89;28.30;-7.55;101691;0.08,-13,11

+RCV=1,98,32.628865;-115.446621;0.96;-0.18;-0.14;11.30;-1.61;-1.06;-0.06;-0.93;-0.70;28.30;-7.47;101686;0.33,-13,11

+RCV=1,97,32.628864;-115.446621;0.96;-0.24;-0.12;11.34;-1.66;-1.00;0.08;-1.20;-0.60;28.30;-7.47;101691;0.00,-12,10

+RCV=1,98,32.628864;-115.446621;0.96;-0.16;-0.11;11.25;-1.74;-0.98;-0.01;-0.82;-0.57;28.30;-7.89;101688;0.75,-12,10

+RCV=1,98,32.628864;-115.446621;0.96;-0.17;-0.15;11.31;-1.74;-1.15;-0.08;-0.87;-0.74;28.30;-8.30;101692;0.00,-12,11

+RCV=1,97,32.628863;-115.446621;0.96;-0.18;-0.12;11.25;-1.82;-1.00;0.12;-0.93;-0.63;28.30;-8.13;101694;0.33,-12,10

+RCV=1,98,32.628863;-115.446621;0.96;-0.12;-0.11;11.23;-1.66;-0.96;0.08;-0.60;-0.55;28.30;-7.97;101690;-0.08,-12,11

+RCV=1,98,32.628862;-115.446622;0.96;-0.16;-0.13;11.22;-1.62;-1.01;0.05;-0.80;-0.65;28.30;-8.47;101692;-0.17,-12,10

+RCV=1,98,32.628862;-115.446622;0.96;-0.20;-0.16;11.39;-1.68;-0.73;0.08;-1.01;-0.82;28.30;-8.63;101693;-0.42,-12,11

+RCV=1,98,32.628861;-115.446622;0.96;-0.26;-0.09;11.31;-1.67;-1.18;-0.02;-1.31;-0.45;28.30;-8.05;101691;0.75,-12,11

+RCV=1,98,32.628861;-115.446622;0.90;-0.17;-0.18;11.37;-1.53;-0.98;-0.04;-0.88;-0.92;28.30;-7.47;101684;0.58,-12,10

+RCV=1,98,32.628861;-115.446621;0.90;-0.21;-0.12;11.32;-1.62;-0.76;-0.15;-1.08;-0.62;28.30;-7.80;101687;0.50,-12,11

+RCV=1,97,32.628861;-115.446621;0.90;-0.18;-0.15;11.33;-1.69;-1.08;0.02;-0.91;-0.74;28.30;-7.80;101693;0.08,-12,10

+RCV=1,97,32.628861;-115.446620;0.90;-0.19;-0.12;11.29;-2.02;-1.11;0.04;-0.96;-0.62;28.30;-7.47;101687;0.08,-12,11

+RCV=1,98,32.628861;-115.446619;0.96;-0.19;-0.10;11.28;-1.66;-1.07;-0.07;-0.97;-0.49;28.30;-7.64;101690;0.33,-12,10

+RCV=1,98,32.628861;-115.446619;0.96;-0.12;-0.14;11.36;-1.66;-1.02;-0.06;-0.62;-0.69;28.30;-7.72;101693;0.33,-14,11

+RCV=1,98,32.628861;-115.446619;0.96;-0.18;-0.11;11.35;-1.64;-1.00;-0.08;-0.93;-0.57;28.30;-8.13;101687;0.17,-11,11

+RCV=1,99,32.628861;-115.446619;0.96;-0.17;-0.10;11.31;-1.54;-1.05;-0.14;-0.87;-0.49;28.30;-8.80;101698;-0.50,-12,10

+RCV=1,97,32.628860;-115.446618;0.96;-0.18;-0.07;11.30;-1.60;-0.89;0.05;-0.90;-0.38;28.30;-8.72;101696;0.00,-12,11

+RCV=1,98,32.628860;-115.446618;0.96;-0.17;-0.15;11.34;-1.48;-1.08;0.05;-0.88;-0.76;28.30;-7.97;101694;-0.17,-11,12

+RCV=1,99,32.628859;-115.446619;0.96;-0.17;-0.14;11.33;-1.69;-0.99;-0.06;-0.85;-0.73;28.30;-8.38;101697;-0.50,-11,11

+RCV=1,98,32.628858;-115.446619;0.96;-0.15;-0.17;11.33;-1.78;-1.05;-0.08;-0.76;-0.86;28.30;-7.80;101691;0.00,-11,11

+RCV=1,98,32.628857;-115.446620;0.90;-0.16;-0.14;11.29;-1.75;-0.93;-0.08;-0.80;-0.69;28.30;-8.05;101692;0.66,-11,10

+RCV=1,97,32.628856;-115.446621;0.90;-0.18;-0.17;11.27;-1.77;-0.75;0.06;-0.93;-0.86;28.30;-7.47;101687;0.66,-11,11

+RCV=1,98,32.628855;-115.446622;0.90;-0.18;-0.16;11.34;-1.82;-0.93;-0.10;-0.92;-0.80;28.30;-7.64;101685;0.50,-11,11

+RCV=1,98,32.628855;-115.446623;0.90;-0.13;-0.13;11.32;-1.67;-0.98;-0.19;-0.67;-0.68;28.30;-7.55;101683;0.58,-11,11

+RCV=1,98,32.628855;-115.446624;0.96;-0.16;-0.11;11.21;-1.76;-1.08;-0.05;-0.83;-0.58;28.30;-7.64;101683;0.66,-11,11

+RCV=1,98,32.628855;-115.446624;0.96;-0.16;-0.17;11.37;-1.66;-1.19;-0.02;-0.78;-0.86;28.30;-7.39;101679;0.75,-11,10

+RCV=1,97,32.628854;-115.446624;0.96;-0.20;-0.18;11.38;-1.79;-1.05;0.07;-0.99;-0.93;28.30;-7.14;101681;0.75,-11,11

+RCV=1,97,32.628854;-115.446624;0.96;-0.18;-0.19;11.24;-1.66;-0.84;0.13;-0.93;-0.95;28.30;-7.14;101679;0.83,-10,11

+RCV=1,97,32.628854;-115.446624;0.96;-0.19;-0.16;11.33;-1.62;-0.97;0.05;-0.96;-0.79;28.30;-7.55;101679;0.58,-11,11

+RCV=1,97,32.628855;-115.446624;0.96;-0.19;-0.13;11.23;-1.66;-1.09;0.05;-0.99;-0.65;28.30;-7.47;101685;0.42,-11,11

+RCV=1,98,32.628856;-115.446624;0.96;-0.20;-0.15;11.30;-1.76;-0.85;-0.06;-1.02;-0.78;28.30;-7.55;101683;0.75,-11,10

+RCV=1,98,32.628857;-115.446624;0.96;-0.20;-0.11;11.20;-1.75;-0.91;-0.02;-1.00;-0.58;28.30;-7.80;101687;0.50,-11,10

+RCV=1,97,32.628857;-115.446624;0.96;-0.25;-0.16;11.37;-1.66;-0.93;0.13;-1.26;-0.80;28.30;-7.80;101685;0.00,-11,11

+RCV=1,97,32.628856;-115.446625;0.96;-0.17;-0.15;11.30;-1.74;-0.95;0.06;-0.89;-0.77;28.30;-7.80;101682;0.75,-11,11

+RCV=1,98,32.628856;-115.446626;0.96;-0.22;-0.07;11.31;-1.63;-0.86;-0.01;-1.09;-0.35;28.30;-7.47;101686;0.00,-11,11

+RCV=1,98,32.628855;-115.446626;0.96;-0.10;-0.09;11.29;-1.85;-0.94;-0.05;-0.51;-0.47;28.30;-8.13;101693;0.25,-11,10

+RCV=1,98,32.628855;-115.446626;0.96;-0.14;-0.20;11.26;-1.76;-1.01;-0.10;-0.69;-1.04;28.30;-7.72;101686;0.33,-11,10

+RCV=1,98,32.628855;-115.446625;0.96;-0.20;-0.17;11.29;-1.77;-1.10;-0.11;-1.02;-0.84;28.30;-7.47;101691;0.00,-10,11

+RCV=1,98,32.628856;-115.446624;0.96;-0.21;-0.14;11.41;-1.76;-1.12;-0.16;-1.07;-0.71;28.30;-7.89;101684;0.33,-11,11

+RCV=1,97,32.628856;-115.446624;0.96;-0.16;-0.09;11.25;-1.84;-1.11;0.04;-0.80;-0.45;28.30;-7.72;101691;0.00,-10,11

+RCV=1,98,32.628856;-115.446625;0.96;-0.15;-0.15;11.29;-1.75;-0.89;-0.13;-0.77;-0.74;28.30;-7.64;101684;0.42,-11,11

+RCV=1,97,32.628857;-115.446625;0.96;-0.17;-0.08;11.28;-1.73;-1.10;0.03;-0.84;-0.43;28.30;-7.89;101685;0.50,-10,11

+RCV=1,98,32.628858;-115.446625;0.96;-0.16;-0.09;11.32;-1.76;-0.93;-0.18;-0.79;-0.46;28.30;-7.80;101693;0.17,-11,11

+RCV=1,97,32.628859;-115.446625;0.96;-0.19;-0.11;11.28;-1.67;-1.05;0.08;-0.95;-0.56;28.30;-7.97;101688;0.17,-11,11

+RCV=1,98,32.628859;-115.446626;0.96;-0.16;-0.17;11.22;-1.64;-0.86;-0.08;-0.79;-0.84;28.30;-7.97;101688;0.17,-11,10

+RCV=1,98,32.628860;-115.446626;0.96;-0.18;-0.13;11.29;-1.84;-1.10;-0.10;-0.90;-0.68;28.30;-7.55;101687;0.25,-11,10

+RCV=1,98,32.628859;-115.446626;0.96;-0.15;-0.08;11.34;-1.69;-1.04;-0.05;-0.77;-0.42;28.30;-7.64;101690;0.08,-11,11

+RCV=1,98,32.628859;-115.446626;0.96;-0.17;-0.11;11.36;-1.85;-1.08;-0.07;-0.85;-0.56;28.30;-8.72;101690;0.08,-11,11

+RCV=1,98,32.628859;-115.446628;0.96;-0.21;-0.16;11.30;-1.59;-1.07;0.04;-1.04;-0.81;28.30;-7.72;101696;-0.33,-12,10

+RCV=1,98,32.628859;-115.446628;0.96;-0.16;-0.11;11.32;-1.68;-0.94;-0.06;-0.81;-0.58;28.30;-7.55;101687;0.25,-12,10

+RCV=1,99,32.628860;-115.446628;0.96;-0.17;-0.12;11.19;-1.75;-1.07;-0.05;-0.88;-0.64;28.30;-8.38;101694;-0.33,-11,10

+RCV=1,98,32.628860;-115.446629;0.96;-0.18;-0.12;11.43;-1.77;-0.82;-0.05;-0.90;-0.60;28.30;-8.38;101696;0.17,-14,10

+RCV=1,99,32.628860;-115.446629;0.96;-0.17;-0.09;11.25;-1.81;-0.95;-0.08;-0.89;-0.45;28.30;-7.97;101687;-0.33,-10,11

+RCV=1,99,32.628860;-115.446629;0.96;-0.15;-0.11;11.23;-1.69;-1.05;-0.16;-0.76;-0.55;28.30;-8.55;101691;-0.25,-11,10

+RCV=1,98,32.628858;-115.446630;0.90;-0.15;-0.14;11.26;-1.66;-1.05;0.11;-0.77;-0.69;28.30;-8.13;101693;-0.08,-13,10

+RCV=1,99,32.628857;-115.446625;0.96;-0.13;-0.12;11.26;-1.76;-0.95;-0.02;-0.66;-0.62;28.30;-7.80;101691;-0.42,-15,11

+RCV=1,98,32.628855;-115.446627;0.90;-0.18;-0.16;11.30;-1.63;-1.24;-0.18;-0.91;-0.83;28.30;-7.80;101689;0.66,-14,10

+RCV=1,98,32.628854;-115.446628;0.96;-0.23;-0.10;11.29;-1.66;-0.98;-0.08;-1.16;-0.52;28.30;-7.55;101687;0.17,-18,11

+RCV=1,98,32.628853;-115.446628;0.90;-0.14;-0.14;11.25;-1.74;-0.80;-0.15;-0.73;-0.71;28.30;-8.13;101691;0.42,-14,11

+RCV=1,99,32.628852;-115.446628;0.90;-0.14;-0.09;11.33;-1.89;-1.08;-0.03;-0.69;-0.46;28.30;-8.05;101693;-0.08,-12,10

+RCV=1,98,32.628851;-115.446629;1.01;-0.14;-0.20;11.26;-1.79;-0.90;0.08;-0.72;-1.00;28.30;-7.89;101686;-0.17,-17,11

+RCV=1,98,32.628850;-115.446629;1.01;-0.18;-0.13;11.43;-1.48;-1.09;-0.05;-0.90;-0.65;28.30;-8.05;101690;0.25,-12,11

+RCV=1,98,32.628851;-115.446628;1.01;-0.38;-0.06;11.30;-1.61;-0.99;0.09;-1.91;-0.33;28.30;-8.38;101689;-0.33,-13,11

+RCV=1,99,32.628850;-115.446627;1.01;-0.10;-0.08;11.27;-1.88;-0.64;-0.17;-0.51;-0.40;28.30;-8.38;101695;-0.42,-10,11

+RCV=1,97,32.628850;-115.446625;0.90;-0.23;-0.14;11.35;-1.65;-0.82;0.03;-1.15;-0.73;28.30;-8.13;101688;0.17,-14,11

+RCV=1,99,32.628850;-115.446624;0.90;-0.21;-0.12;11.40;-1.74;-1.06;-0.02;-1.06;-0.61;28.30;-8.22;101690;-0.50,-14,10

+RCV=1,99,32.628849;-115.446623;0.90;-0.18;-0.13;11.28;-1.76;-1.10;-0.02;-0.91;-0.64;28.30;-8.72;101692;-0.08,-14,10

+RCV=1,98,32.628848;-115.446624;0.90;-0.15;-0.15;11.26;-1.71;-1.02;0.11;-0.74;-0.76;28.30;-8.38;101689;-0.25,-14,10

+RCV=1,99,32.628848;-115.446624;0.90;-0.17;-0.15;11.25;-1.73;-1.03;-0.02;-0.84;-0.77;28.30;-8.38;101696;-0.25,-14,11

+RCV=1,99,32.628846;-115.446624;0.90;-0.18;-0.10;11.23;-1.88;-1.15;-0.11;-0.94;-0.53;28.30;-8.88;101700;-0.83,-14,11

+RCV=1,98,32.628846;-115.446624;0.90;-0.17;-0.16;11.35;-1.75;-1.11;0.02;-0.88;-0.81;28.30;-7.80;101694;-0.17,-14,11

+RCV=1,99,32.628845;-115.446624;0.90;-0.13;-0.13;11.31;-1.76;-0.85;-0.02;-0.65;-0.67;28.30;-7.64;101692;-0.25,-14,11

+RCV=1,98,32.628845;-115.446624;0.90;-0.14;-0.11;11.27;-1.80;-1.10;-0.09;-0.69;-0.55;28.30;-8.05;101684;0.58,-14,10

+RCV=1,98,32.628844;-115.446625;0.90;-0.15;-0.11;11.22;-1.73;-0.75;0.04;-0.78;-0.55;28.30;-8.05;101690;-0.17,-14,10

+RCV=1,98,32.628845;-115.446624;0.90;-0.13;-0.10;11.37;-1.71;-1.03;-0.02;-0.65;-0.49;28.30;-7.80;101690;0.33,-14,11

+RCV=1,98,32.628844;-115.446624;0.90;-0.21;-0.11;11.28;-1.75;-1.04;-0.13;-1.07;-0.57;28.30;-7.72;101688;0.08,-14,11

+RCV=1,98,32.628844;-115.446624;0.90;-0.21;-0.18;11.26;-1.73;-0.94;0.18;-1.07;-0.93;28.30;-7.97;101690;-0.17,-14,10

+RCV=1,98,32.628843;-115.446624;0.90;-0.18;-0.13;11.21;-1.79;-1.14;-0.16;-0.92;-0.65;28.30;-7.72;101688;0.33,-14,11

+RCV=1,99,32.628843;-115.446624;0.90;-0.15;-0.16;11.34;-1.80;-0.96;-0.17;-0.77;-0.80;28.30;-8.22;101694;-0.08,-14,11

+RCV=1,98,32.628844;-115.446623;0.90;-0.21;-0.12;11.31;-1.63;-1.11;-0.07;-1.06;-0.63;28.30;-7.55;101693;0.08,-14,11

+RCV=1,97,32.628844;-115.446622;0.90;-0.20;-0.07;11.33;-1.73;-1.00;0.03;-0.99;-0.38;28.30;-8.55;101688;0.25,-14,10

+RCV=1,97,32.628843;-115.446622;0.90;-0.17;-0.11;11.35;-1.85;-0.88;0.18;-0.83;-0.56;28.30;-7.72;101685;0.58,-14,11

+RCV=1,99,32.628844;-115.446622;0.90;-0.22;-0.08;11.22;-1.76;-0.90;-0.02;-1.12;-0.42;28.30;-8.13;101693;-0.25,-14,10

+RCV=1,97,32.628844;-115.446621;0.90;-0.17;-0.18;11.28;-1.75;-1.08;0.09;-0.89;-0.92;28.30;-8.30;101691;0.17,-14,10

+RCV=1,98,32.628844;-115.446622;0.90;-0.15;-0.09;11.35;-1.62;-0.89;0.02;-0.74;-0.45;28.30;-7.64;101689;-0.33,-14,10

+RCV=1,98,32.628844;-115.446622;0.90;-0.18;-0.10;11.32;-1.76;-1.05;0.08;-0.90;-0.48;28.30;-8.05;101691;-0.08,-14,11

+RCV=1,97,32.628843;-115.446622;0.90;-0.16;-0.10;11.27;-1.98;-1.15;0.01;-0.79;-0.49;28.30;-7.89;101685;0.17,-14,10

+RCV=1,98,32.628843;-115.446621;0.90;-0.17;-0.14;11.25;-1.71;-0.88;-0.11;-0.84;-0.71;28.30;-7.97;101696;0.08,-14,11

+RCV=1,98,32.628844;-115.446621;0.90;-0.22;-0.09;11.34;-1.87;-0.99;0.00;-1.09;-0.47;28.30;-7.97;101689;-0.17,-14,11

+RCV=1,98,32.628844;-115.446621;0.90;-0.21;-0.14;11.35;-1.56;-1.05;-0.24;-1.04;-0.70;28.30;-8.30;101686;0.17,-14,11

+RCV=1,99,32.628845;-115.446621;0.90;-0.23;-0.11;11.30;-1.72;-0.99;-0.02;-1.14;-0.56;28.30;-8.22;101692;-0.25,-14,11

+RCV=1,98,32.628845;-115.446621;0.90;-0.19;-0.14;11.31;-1.90;-0.84;0.18;-0.95;-0.69;28.30;-8.13;101687;-0.08,-14,11

+RCV=1,98,32.628846;-115.446620;0.90;-0.21;-0.17;11.26;-1.70;-1.10;0.05;-1.05;-0.84;28.30;-8.05;101692;-0.66,-14,11

+RCV=1,98,32.628845;-115.446621;0.90;-0.17;-0.08;11.34;-1.70;-1.11;-0.01;-0.87;-0.42;28.30;-7.97;101692;0.08,-14,11

+RCV=1,99,32.628845;-115.446621;0.90;-0.22;-0.11;11.24;-1.73;-0.99;-0.05;-1.10;-0.57;28.30;-8.30;101694;-0.33,-14,10

+RCV=1,97,32.628845;-115.446622;0.90;-0.12;-0.16;11.22;-1.73;-0.90;0.11;-0.64;-0.83;28.30;-8.38;101691;0.00,-14,11

+RCV=1,98,32.628845;-115.446622;0.90;-0.17;-0.10;11.31;-1.72;-0.79;0.05;-0.85;-0.49;28.30;-8.22;101692;-0.58,-17,11

+RCV=1,98,32.628847;-115.446620;0.90;-0.20;-0.21;11.23;-1.96;-0.98;-0.08;-1.03;-1.09;28.30;-8.05;101691;0.25,-14,11

+RCV=1,98,32.628849;-115.446618;0.90;-0.17;-0.14;11.32;-1.74;-1.05;0.00;-0.88;-0.70;28.30;-7.97;101691;-0.33,-14,11

+RCV=1,98,32.628849;-115.446618;0.90;-0.17;-0.11;11.23;-1.74;-0.94;0.05;-0.84;-0.56;28.30;-8.05;101689;-0.08,-14,11

+RCV=1,97,32.628848;-115.446621;0.90;-0.19;-0.10;11.24;-1.84;-1.09;0.07;-0.96;-0.53;28.30;-7.72;101685;0.00,-13,11

+RCV=1,97,32.628850;-115.446619;0.90;-0.15;-0.14;11.29;-1.82;-0.98;0.03;-0.74;-0.73;28.30;-7.97;101688;0.00,-14,11

+RCV=1,97,32.628851;-115.446619;0.90;-0.18;-0.18;11.34;-1.89;-0.98;0.16;-0.90;-0.93;28.30;-7.55;101685;0.33,-13,11

+RCV=1,98,32.628853;-115.446615;0.90;-0.20;-0.11;11.29;-1.66;-1.04;-0.08;-1.00;-0.56;28.30;-8.13;101692;0.00,-14,10

+RCV=1,99,32.628852;-115.446618;1.02;-0.19;-0.12;11.33;-1.71;-1.06;-0.05;-0.94;-0.62;28.30;-8.13;101689;-0.17,-14,11

+RCV=1,97,32.628854;-115.446613;1.02;-0.22;-0.18;11.37;-1.73;-1.00;0.03;-1.12;-0.91;28.30;-8.30;101688;0.42,-14,11

+RCV=1,99,32.628852;-115.446614;1.02;-0.17;-0.10;11.31;-1.66;-1.13;-0.11;-0.85;-0.52;28.30;-8.13;101688;-0.08,-14,10

+RCV=1,98,32.628854;-115.446611;0.90;-0.15;-0.13;11.21;-1.73;-0.85;-0.02;-0.76;-0.67;28.30;-7.55;101689;0.25,-14,10

+RCV=1,97,32.628852;-115.446615;0.90;-0.21;-0.14;11.37;-1.87;-0.90;0.03;-1.04;-0.70;28.30;-8.22;101687;0.25,-14,10

+RCV=1,98,32.628851;-115.446617;0.90;-0.21;-0.17;11.34;-1.63;-0.89;0.01;-1.05;-0.86;28.30;-8.30;101689;-0.17,-14,11

+RCV=1,98,32.628851;-115.446617;0.90;-0.20;-0.11;11.22;-1.63;-1.01;-0.24;-1.01;-0.57;28.30;-7.89;101684;0.58,-15,10

+RCV=1,98,32.628852;-115.446616;1.02;-0.17;-0.11;11.37;-1.79;-1.12;0.10;-0.86;-0.58;28.30;-7.89;101685;-0.17,-14,11

+RCV=1,98,32.628854;-115.446613;0.96;-0.24;-0.16;11.42;-1.86;-0.95;-0.04;-1.23;-0.82;28.30;-7.64;101687;0.50,-14,11

+RCV=1,99,32.628856;-115.446612;0.96;-0.20;-0.19;11.30;-1.55;-0.92;-0.12;-1.00;-0.96;28.30;-7.64;101688;-0.08,-14,11

+RCV=1,98,32.628856;-115.446610;0.96;-0.12;-0.16;11.15;-1.86;-0.92;-0.10;-0.62;-0.80;28.30;-8.55;101688;0.50,-14,11

+RCV=1,97,32.628857;-115.446610;0.96;-0.21;-0.17;11.35;-1.63;-0.96;0.02;-1.05;-0.83;28.30;-8.30;101685;0.50,-14,11

+RCV=1,98,32.628857;-115.446612;0.96;-0.22;-0.11;11.35;-1.74;-1.07;-0.04;-1.11;-0.58;28.30;-8.05;101688;0.08,-14,11

+RCV=1,98,32.628858;-115.446614;0.96;-0.20;-0.15;11.15;-1.70;-1.19;0.06;-1.01;-0.79;28.30;-8.47;101692;-0.42,-14,11

+RCV=1,98,32.628859;-115.446616;0.90;-0.21;-0.12;11.35;-1.81;-1.17;0.18;-1.08;-0.62;28.30;-8.13;101688;-0.08,-14,11

+RCV=1,97,32.628861;-115.446616;0.90;-0.16;-0.11;11.27;-1.64;-1.20;0.09;-0.80;-0.58;28.30;-8.80;101693;0.00,-14,11

+RCV=1,99,32.628862;-115.446617;0.90;-0.16;-0.11;11.28;-1.69;-0.87;-0.02;-0.82;-0.58;28.30;-8.47;101694;-0.42,-14,11

+RCV=1,99,32.628863;-115.446617;0.90;-0.16;-0.15;11.31;-1.66;-1.02;-0.10;-0.79;-0.75;28.30;-8.22;101694;-0.25,-14,10

+RCV=1,98,32.628863;-115.446618;0.90;-0.18;-0.18;11.31;-1.73;-0.98;0.14;-0.92;-0.90;28.30;-8.22;101688;-0.17,-14,11

+RCV=1,98,32.628864;-115.446617;0.90;-0.16;-0.18;11.23;-1.59;-0.95;-0.08;-0.81;-0.94;28.30;-8.13;101690;0.00,-14,11

+RCV=1,97,32.628864;-115.446617;0.90;-0.16;-0.12;11.21;-1.69;-1.15;0.09;-0.82;-0.62;28.30;-7.72;101685;0.00,-14,11

+RCV=1,99,32.628864;-115.446618;0.90;-0.13;-0.07;11.29;-1.89;-1.01;-0.03;-0.67;-0.38;28.30;-7.64;101687;-0.17,-14,11

+RCV=1,98,32.628864;-115.446620;0.90;-0.18;-0.15;11.33;-1.70;-1.12;0.06;-0.93;-0.78;28.30;-7.80;101691;-0.25,-15,10

+RCV=1,99,32.628863;-115.446623;0.90;-0.18;-0.15;11.22;-1.83;-0.86;-0.04;-0.93;-0.76;28.30;-8.72;101693;-0.17,-14,11

+RCV=1,98,32.628862;-115.446625;0.96;-0.19;-0.16;11.33;-1.74;-0.95;-0.04;-0.94;-0.79;28.30;-8.05;101687;0.33,-14,10

+RCV=1,98,32.628861;-115.446627;0.96;-0.23;-0.12;11.18;-1.59;-1.08;-0.04;-1.18;-0.63;28.30;-7.80;101688;0.66,-14,11

+RCV=1,98,32.628861;-115.446628;0.96;-0.21;-0.14;11.24;-1.74;-1.00;-0.06;-1.05;-0.72;28.30;-7.39;101684;0.75,-14,11

+RCV=1,98,32.628861;-115.446629;0.96;-0.17;-0.14;11.31;-1.78;-0.89;-0.11;-0.85;-0.73;28.30;-7.80;101685;0.58,-14,11

+RCV=1,98,32.628861;-115.446629;0.96;-0.18;-0.13;11.24;-1.65;-0.98;-0.02;-0.90;-0.65;28.30;-7.72;101685;0.75,-14,11

+RCV=1,97,32.628861;-115.446629;0.96;-0.14;-0.07;11.19;-1.79;-0.90;0.15;-0.71;-0.37;28.30;-8.22;101689;0.50,-14,10

+RCV=1,98,32.628861;-115.446630;0.96;-0.19;-0.08;11.36;-1.69;-1.13;-0.15;-0.97;-0.42;28.30;-7.64;101687;0.58,-14,11

+RCV=1,98,32.628861;-115.446630;0.96;-0.20;-0.13;11.35;-1.71;-0.80;-0.08;-1.02;-0.66;28.30;-7.55;101691;0.50,-14,11

+RCV=1,99,32.628861;-115.446630;0.96;-0.17;-0.16;11.30;-1.70;-0.99;-0.05;-0.87;-0.79;28.30;-8.22;101690;-0.17,-14,10

+RCV=1,97,32.628861;-115.446630;0.96;-0.17;-0.07;11.25;-1.60;-1.06;0.07;-0.88;-0.37;28.20;-8.05;101687;0.33,-14,11

+RCV=1,97,32.628861;-115.446630;0.96;-0.13;-0.12;11.37;-1.69;-1.06;0.00;-0.66;-0.63;28.30;-8.30;101685;0.33,-14,11

+RCV=1,98,32.628861;-115.446631;0.95;-0.22;-0.13;11.26;-1.56;-0.89;-0.11;-1.10;-0.67;28.20;-7.72;101692;0.08,-14,10

+RCV=1,99,32.628861;-115.446632;0.90;-0.21;-0.15;11.33;-1.63;-0.97;-0.07;-1.04;-0.77;28.20;-8.63;101689;-0.58,-14,10

+RCV=1,98,32.628861;-115.446632;0.90;-0.16;-0.14;11.36;-1.78;-1.00;-0.07;-0.82;-0.69;28.30;-8.13;101694;0.25,-14,11

+RCV=1,98,32.628860;-115.446633;0.90;-0.17;-0.12;11.32;-1.73;-0.92;-0.05;-0.84;-0.61;28.30;-7.55;101693;0.50,-14,11

+RCV=1,98,32.628860;-115.446634;0.90;-0.21;-0.11;11.29;-1.78;-1.01;-0.04;-1.05;-0.56;28.20;-8.47;101685;0.75,-14,10

+RCV=1,98,32.628860;-115.446634;0.90;-0.14;-0.15;11.35;-1.77;-0.89;0.16;-0.70;-0.74;28.30;-8.63;101695;-0.83,-14,10

+RCV=1,99,32.628861;-115.446634;0.90;-0.12;-0.11;11.32;-1.70;-1.07;-0.02;-0.62;-0.57;28.30;-8.38;101694;-0.25,-14,10

+RCV=1,98,32.628861;-115.446634;0.90;-0.17;-0.15;11.25;-1.82;-0.78;0.01;-0.89;-0.76;28.20;-8.22;101689;-0.08,-14,11

+RCV=1,97,32.628861;-115.446633;0.90;-0.18;-0.08;11.33;-1.77;-1.04;0.11;-0.91;-0.40;28.20;-8.38;101693;0.08,-14,10

+RCV=1,99,32.628861;-115.446631;0.90;-0.22;-0.16;11.31;-1.73;-0.81;-0.11;-1.13;-0.83;28.20;-8.22;101688;-0.25,-14,11

+RCV=1,98,32.628861;-115.446632;0.90;-0.16;-0.14;11.33;-1.66;-0.98;-0.06;-0.81;-0.73;28.20;-8.47;101689;0.25,-14,11

+RCV=1,99,32.628861;-115.446631;0.90;-0.17;-0.11;11.22;-1.61;-1.00;-0.07;-0.84;-0.56;28.20;-8.13;101690;-0.50,-14,10

+RCV=1,99,32.628861;-115.446631;0.90;-0.15;-0.16;11.26;-1.58;-1.06;-0.05;-0.76;-0.80;28.20;-8.30;101695;-0.08,-14,10

+RCV=1,98,32.628861;-115.446630;0.90;-0.17;-0.15;11.30;-1.77;-0.90;0.11;-0.87;-0.74;28.20;-8.72;101688;-0.33,-14,11

+RCV=1,98,32.628861;-115.446630;0.90;-0.17;-0.15;11.21;-1.78;-0.94;-0.11;-0.87;-0.75;28.20;-8.30;101691;0.00,-14,11

+RCV=1,98,32.628862;-115.446630;0.90;-0.18;-0.14;11.28;-1.73;-0.92;0.02;-0.91;-0.69;28.20;-7.89;101689;-0.08,-14,10

+RCV=1,97,32.628862;-115.446630;0.90;-0.19;-0.15;11.30;-1.66;-1.12;0.03;-0.95;-0.75;28.20;-8.30;101688;0.33,-13,11

+RCV=1,97,32.628863;-115.446630;0.90;-0.18;-0.15;11.27;-1.85;-0.78;0.10;-0.90;-0.77;28.20;-8.05;101688;0.08,-14,11

+RCV=1,98,32.628863;-115.446630;0.90;-0.17;-0.12;11.29;-1.62;-0.91;-0.13;-0.88;-0.63;28.30;-8.22;101690;0.17,-14,10

+RCV=1,99,32.628864;-115.446628;0.90;-0.13;-0.15;11.28;-1.78;-0.94;-0.08;-0.66;-0.74;28.20;-8.22;101689;-0.17,-14,10

+RCV=1,98,32.628864;-115.446628;0.90;-0.18;-0.16;11.30;-1.83;-0.99;0.05;-0.91;-0.83;28.30;-8.30;101697;-0.50,-14,11

+RCV=1,99,32.628864;-115.446628;0.90;-0.16;-0.11;11.32;-1.79;-0.89;-0.01;-0.79;-0.56;28.20;-7.89;101689;-0.08,-14,11

+RCV=1,98,32.628864;-115.446627;0.90;-0.13;-0.13;11.29;-1.60;-1.02;-0.02;-0.67;-0.67;28.20;-8.47;101695;0.00,-14,11

+RCV=1,99,32.628864;-115.446626;0.90;-0.17;-0.07;11.31;-1.60;-0.99;-0.02;-0.87;-0.35;28.20;-8.63;101694;-0.25,-14,11

+RCV=1,98,32.628864;-115.446625;0.90;-0.22;-0.08;11.25;-1.58;-1.08;-0.01;-1.12;-0.41;28.20;-8.22;101699;0.00,-14,11

+RCV=1,98,32.628865;-115.446625;0.90;-0.12;-0.13;11.38;-1.71;-1.01;0.02;-0.62;-0.68;28.20;-8.22;101694;-0.25,-14,11

+RCV=1,99,32.628864;-115.446624;0.90;-0.19;-0.04;11.32;-1.76;-0.95;-0.26;-0.97;-0.22;28.20;-8.22;101694;-0.50,-14,10

+RCV=1,97,32.628864;-115.446624;0.90;-0.16;-0.11;11.33;-1.83;-1.02;0.05;-0.81;-0.58;28.20;-8.47;101693;0.17,-14,10

+RCV=1,98,32.628864;-115.446624;0.90;-0.20;-0.11;11.37;-1.69;-1.11;0.01;-1.03;-0.53;28.20;-8.30;101695;-0.58,-14,11

+RCV=1,98,32.628864;-115.446624;0.90;-0.19;-0.15;11.38;-1.75;-0.83;-0.08;-0.95;-0.75;28.20;-8.05;101692;0.17,-14,11

+RCV=1,97,32.628864;-115.446623;0.90;-0.16;-0.09;11.37;-1.86;-1.02;0.02;-0.78;-0.43;28.30;-8.05;101692;0.25,-14,11

+RCV=1,99,32.628863;-115.446623;0.90;-0.17;-0.21;11.36;-1.99;-1.05;-0.24;-0.86;-1.04;28.20;-8.05;101688;-0.08,-14,10

+RCV=1,99,32.628863;-115.446623;0.90;-0.16;-0.16;11.25;-1.65;-1.03;-0.11;-0.82;-0.80;28.20;-8.05;101692;-0.25,-14,11

+RCV=1,98,32.628863;-115.446623;0.90;-0.17;-0.14;11.33;-1.64;-0.85;-0.05;-0.84;-0.70;28.20;-7.39;101687;0.25,-14,11

+RCV=1,97,32.628863;-115.446623;0.90;-0.16;-0.16;11.31;-1.73;-1.01;0.00;-0.79;-0.82;28.20;-8.05;101686;0.58,-14,11

+RCV=1,99,32.628863;-115.446622;0.90;-0.19;-0.14;11.28;-1.63;-0.93;-0.21;-0.97;-0.73;28.20;-7.72;101688;-0.08,-14,11

+RCV=1,97,32.628863;-115.446622;0.90;-0.15;-0.13;11.35;-1.56;-1.00;0.00;-0.74;-0.64;28.20;-7.80;101686;0.75,-14,11

+RCV=1,97,32.628862;-115.446622;0.90;-0.20;-0.19;11.32;-1.73;-1.09;0.07;-0.99;-0.96;28.30;-7.72;101686;0.58,-14,11

+RCV=1,98,32.628862;-115.446622;0.90;-0.24;-0.13;11.32;-1.76;-0.87;-0.04;-1.22;-0.65;28.20;-8.05;101692;0.50,-14,10

+RCV=1,98,32.628862;-115.446621;0.90;-0.19;-0.15;11.24;-1.72;-1.08;-0.07;-0.99;-0.74;28.20;-7.80;101688;0.08,-14,11

+RCV=1,98,32.628861;-115.446622;0.90;-0.19;-0.11;11.34;-1.66;-1.16;-0.16;-0.97;-0.58;28.20;-7.97;101690;0.66,-14,11

+RCV=1,98,32.628861;-115.446622;0.90;-0.17;-0.16;11.31;-1.82;-1.21;-0.07;-0.86;-0.79;28.20;-8.05;101687;0.25,-14,10

+RCV=1,98,32.628861;-115.446621;0.90;-0.20;-0.14;11.39;-1.77;-1.02;-0.08;-0.99;-0.72;28.20;-7.47;101685;0.33,-14,11

+RCV=1,98,32.628861;-115.446620;0.96;-0.16;-0.12;11.33;-1.60;-0.91;-0.01;-0.80;-0.62;28.20;-7.89;101685;0.33,-14,11

+RCV=1,98,32.628861;-115.446620;0.96;-0.17;-0.14;11.32;-1.82;-1.02;-0.05;-0.84;-0.70;28.20;-7.55;101684;0.17,-14,11

+RCV=1,97,32.628861;-115.446620;0.96;-0.15;-0.15;11.26;-1.74;-0.89;0.15;-0.74;-0.78;28.20;-8.22;101692;0.42,-14,10

+RCV=1,99,32.628861;-115.446620;0.96;-0.22;-0.10;11.28;-1.90;-1.23;-0.08;-1.13;-0.52;28.20;-8.05;101686;-0.08,-14,11

+RCV=1,98,32.628861;-115.446620;0.96;-0.21;-0.11;11.35;-1.75;-1.14;0.03;-1.08;-0.57;28.20;-8.30;101699;-0.50,-14,11

+RCV=1,98,32.628861;-115.446620;0.96;-0.15;-0.10;11.41;-1.87;-0.96;-0.25;-0.75;-0.48;28.20;-8.55;101695;0.42,-14,11

+RCV=1,98,32.628861;-115.446620;0.96;-0.19;-0.11;11.31;-1.59;-1.00;0.06;-0.97;-0.57;28.20;-8.55;101696;-0.17,-14,11

+RCV=1,99,32.628861;-115.446620;0.96;-0.21;-0.09;11.39;-1.81;-1.02;-0.09;-1.07;-0.46;28.20;-8.22;101694;-0.08,-14,11

+RCV=1,98,32.628860;-115.446620;0.96;-0.17;-0.15;11.33;-1.68;-1.07;0.01;-0.85;-0.76;28.20;-8.55;101697;-0.25,-14,11

+RCV=1,97,32.628860;-115.446620;0.90;-0.15;-0.09;11.29;-1.79;-0.76;0.02;-0.77;-0.46;28.20;-7.97;101683;0.17,-14,11

+RCV=1,97,32.628860;-115.446620;0.90;-0.14;-0.09;11.37;-1.92;-0.93;0.05;-0.72;-0.43;28.20;-7.64;101684;0.58,-14,10

+RCV=1,97,32.628859;-115.446620;0.90;-0.21;-0.11;11.32;-1.63;-0.92;0.11;-1.05;-0.53;28.20;-7.72;101684;0.00,-14,11

+RCV=1,98,32.628859;-115.446620;0.93;-0.18;-0.13;11.33;-1.73;-1.03;-0.10;-0.91;-0.65;28.20;-8.22;101686;0.33,-14,11

+RCV=1,99,32.628860;-115.446619;0.90;-0.15;-0.15;11.27;-1.89;-0.98;-0.10;-0.75;-0.78;28.20;-8.47;101695;-0.08,-14,10

+RCV=1,99,32.628859;-115.446621;0.90;-0.17;-0.14;11.19;-1.73;-1.15;-0.10;-0.90;-0.74;28.20;-7.80;101692;-0.25,-14,11

+RCV=1,98,32.628859;-115.446621;0.90;-0.17;-0.14;11.30;-1.57;-1.05;0.04;-0.87;-0.70;28.20;-8.13;101694;-0.25,-14,11

+RCV=1,97,32.628860;-115.446620;0.90;-0.13;-0.11;11.18;-1.83;-0.99;0.12;-0.67;-0.54;28.20;-8.55;101693;0.00,-13,11

+RCV=1,98,32.628860;-115.446620;0.90;-0.14;-0.12;11.29;-1.74;-1.08;-0.17;-0.73;-0.63;28.20;-8.30;101686;0.08,-17,10

+RCV=1,99,32.628860;-115.446619;0.90;-0.18;-0.14;11.23;-1.90;-1.05;-0.16;-0.92;-0.73;28.20;-8.55;101696;-0.25,-14,11

+RCV=1,98,32.628861;-115.446618;0.90;-0.16;-0.17;11.24;-1.79;-0.97;0.21;-0.82;-0.84;28.20;-8.22;101694;-0.25,-14,11

+RCV=1,98,32.628862;-115.446615;0.90;-0.12;-0.15;11.32;-1.69;-0.94;-0.03;-0.63;-0.74;28.20;-8.30;101694;0.08,-14,10

+RCV=1,98,32.628862;-115.446615;0.90;-0.20;-0.11;11.29;-1.70;-0.91;0.05;-1.00;-0.53;28.20;-8.47;101692;-0.58,-14,11

+RCV=1,98,32.628862;-115.446615;0.90;-0.18;-0.19;11.32;-1.74;-0.98;-0.11;-0.90;-0.96;28.20;-8.55;101692;0.00,-14,11

+RCV=1,98,32.628861;-115.446615;0.90;-0.15;-0.11;11.24;-1.67;-1.02;-0.24;-0.74;-0.56;28.20;-8.05;101689;0.25,-14,11

+RCV=1,98,32.628862;-115.446614;0.90;-0.19;-0.13;11.18;-1.79;-0.85;-0.08;-0.96;-0.68;28.20;-8.13;101695;0.17,-14,10

+RCV=1,98,32.628862;-115.446614;0.90;-0.17;-0.04;11.34;-1.64;-0.95;-0.07;-0.86;-0.21;28.20;-8.63;101696;0.00,-14,11

+RCV=1,97,32.628862;-115.446613;0.90;-0.17;-0.09;11.25;-1.69;-0.95;0.07;-0.85;-0.48;28.20;-8.30;101684;0.50,-13,11

+RCV=1,98,32.628862;-115.446614;0.90;-0.16;-0.11;11.27;-1.80;-1.05;0.05;-0.82;-0.54;28.20;-8.05;101694;-0.58,-14,11

+RCV=1,98,32.628861;-115.446614;0.90;-0.16;-0.11;11.32;-1.73;-0.76;-0.02;-0.82;-0.55;28.20;-8.55;101695;0.00,-14,11

+RCV=1,98,32.628861;-115.446614;0.90;-0.15;-0.12;11.39;-1.80;-0.89;0.12;-0.76;-0.60;28.20;-8.05;101699;-0.08,-14,11

+RCV=1,97,32.628861;-115.446614;0.90;-0.18;-0.11;11.31;-1.74;-0.92;0.07;-0.93;-0.56;28.30;-8.30;101695;0.25,-14,10

+RCV=1,99,32.628861;-115.446614;0.90;-0.14;-0.14;11.30;-1.70;-1.06;-0.11;-0.70;-0.69;28.30;-8.22;101689;-0.33,-14,10

+RCV=1,98,32.628861;-115.446615;0.90;-0.17;-0.09;11.26;-1.63;-0.93;0.01;-0.88;-0.45;28.30;-8.13;101690;-0.08,-14,11

+RCV=1,98,32.628862;-115.446614;0.90;-0.14;-0.12;11.29;-1.76;-1.11;0.03;-0.73;-0.61;28.20;-8.47;101698;-0.50,-14,11

+RCV=1,98,32.628861;-115.446614;0.90;-0.14;-0.11;11.28;-1.75;-1.02;0.06;-0.72;-0.58;28.20;-8.13;101687;-0.33,-14,11

+RCV=1,98,32.628861;-115.446614;0.90;-0.22;-0.11;11.27;-1.76;-0.82;0.06;-1.10;-0.54;28.30;-8.80;101689;-0.42,-14,11

+RCV=1,99,32.628861;-115.446615;0.90;-0.21;-0.09;11.25;-1.82;-1.06;-0.04;-1.07;-0.46;28.20;-8.30;101689;-0.42,-14,10

+RCV=1,97,32.628860;-115.446616;0.90;-0.15;-0.11;11.22;-1.77;-1.12;0.02;-0.78;-0.56;28.20;-8.13;101688;0.25,-14,11

+RCV=1,99,32.628860;-115.446618;0.90;-0.14;-0.11;11.33;-1.87;-1.05;-0.12;-0.73;-0.56;28.30;-7.80;101689;-0.17,-14,10

+RCV=1,97,32.628859;-115.446618;0.90;-0.19;-0.12;11.29;-1.63;-0.95;0.02;-0.95;-0.61;28.20;-8.80;101695;0.00,-13,10

+RCV=1,99,32.628859;-115.446619;0.90;-0.17;-0.11;11.38;-1.80;-0.95;-0.10;-0.84;-0.55;28.30;-8.63;101692;-0.33,-13,11

+RCV=1,97,32.628859;-115.446620;0.90;-0.17;-0.14;11.25;-1.57;-1.05;0.09;-0.89;-0.72;28.30;-7.47;101691;0.17,-14,10

+RCV=1,98,32.628858;-115.446620;0.90;-0.14;-0.12;11.19;-1.77;-1.04;-0.06;-0.71;-0.64;28.30;-7.72;101685;0.66,-14,10

+RCV=1,98,32.628858;-115.446621;0.90;-0.15;-0.13;11.24;-1.73;-0.94;0.02;-0.76;-0.65;28.30;-8.47;101691;-0.58,-14,11

+RCV=1,99,32.628858;-115.446621;0.90;-0.18;-0.15;11.33;-1.83;-0.98;-0.15;-0.90;-0.75;28.30;-8.47;101695;-0.17,-14,10

+RCV=1,98,32.628858;-115.446621;0.90;-0.21;-0.19;11.29;-1.69;-0.94;0.08;-1.07;-0.95;28.30;-8.05;101694;-0.25,-17,10

+RCV=1,99,32.628858;-115.446621;0.90;-0.14;-0.09;11.30;-1.71;-0.92;-0.05;-0.70;-0.47;28.30;-7.97;101693;-0.58,-14,11

+RCV=1,99,32.628857;-115.446624;0.90;-0.18;-0.15;11.28;-1.90;-0.86;-0.08;-0.92;-0.74;28.30;-8.72;101700;-0.17,-14,10

+RCV=1,97,32.628857;-115.446624;0.90;-0.16;-0.09;11.35;-1.69;-0.93;0.07;-0.79;-0.45;28.30;-8.13;101691;0.50,-13,11

+RCV=1,99,32.628858;-115.446623;0.90;-0.16;-0.12;11.24;-1.76;-1.03;-0.08;-0.83;-0.61;28.30;-7.97;101689;-0.17,-14,11

+RCV=1,97,32.628858;-115.446623;0.90;-0.17;-0.12;11.29;-1.71;-1.00;0.08;-0.88;-0.60;28.30;-8.38;101683;0.00,-13,11

+RCV=1,97,32.628860;-115.446622;0.90;-0.21;-0.14;11.31;-1.66;-0.85;0.00;-1.06;-0.70;28.30;-8.30;101689;0.25,-14,11

+RCV=1,99,32.628861;-115.446622;0.90;-0.21;-0.09;11.20;-1.83;-0.98;-0.02;-1.09;-0.48;28.30;-8.22;101696;-0.25,-14,11

+RCV=1,99,32.628861;-115.446622;0.90;-0.17;-0.13;11.32;-1.88;-0.93;-0.14;-0.84;-0.68;28.20;-8.47;101697;-0.91,-14,10

+RCV=1,99,32.628862;-115.446623;0.90;-0.20;-0.11;11.25;-1.53;-0.88;-0.02;-1.03;-0.59;28.30;-8.38;101697;-0.25,-14,11

+RCV=1,99,32.628862;-115.446622;0.90;-0.22;-0.13;11.29;-1.79;-0.85;-0.20;-1.13;-0.68;28.20;-8.72;101696;-0.25,-14,10

+RCV=1,97,32.628863;-115.446621;0.90;-0.14;-0.08;11.32;-1.82;-0.93;0.16;-0.70;-0.41;28.20;-8.05;101687;0.08,-14,10

+RCV=1,97,32.628863;-115.446622;0.90;-0.11;-0.16;11.33;-1.89;-0.91;0.06;-0.54;-0.82;28.20;-7.89;101684;0.42,-14,10

+RCV=1,98,32.628862;-115.446623;0.90;-0.11;-0.12;11.21;-1.70;-0.95;-0.11;-0.56;-0.62;28.20;-7.97;101687;0.17,-14,10

+RCV=1,98,32.628861;-115.446625;0.90;-0.17;-0.16;11.25;-1.60;-0.98;-0.04;-0.88;-0.83;28.20;-8.22;101683;0.50,-14,11

+RCV=1,99,32.628860;-115.446627;0.90;-0.18;-0.10;11.30;-1.73;-0.79;-0.08;-0.90;-0.52;28.20;-8.72;101695;-0.50,-14,11

+RCV=1,98,32.628861;-115.446628;0.90;-0.21;-0.16;11.28;-1.74;-0.95;0.02;-1.06;-0.81;28.30;-8.05;101692;-0.25,-14,11

+RCV=1,99,32.628861;-115.446628;0.90;-0.17;-0.12;11.31;-1.86;-1.10;-0.11;-0.86;-0.63;28.20;-8.13;101695;-0.42,-13,11

+RCV=1,98,32.628861;-115.446629;0.90;-0.18;-0.14;11.34;-1.75;-0.92;0.04;-0.92;-0.69;28.20;-8.63;101699;-0.66,-14,11

+RCV=1,98,32.628861;-115.446630;0.90;-0.19;-0.15;11.33;-1.89;-0.96;-0.14;-0.96;-0.77;28.30;-8.30;101695;0.17,-14,10

+RCV=1,98,32.628860;-115.446633;0.90;-0.22;-0.12;11.36;-1.82;-1.09;0.17;-1.12;-0.63;28.20;-8.22;101692;-0.42,-14,11

+RCV=1,99,32.628859;-115.446635;0.90;-0.21;-0.17;11.34;-1.86;-0.85;-0.20;-1.05;-0.87;28.20;-8.55;101692;-0.42,-13,11

+RCV=1,98,32.628858;-115.446638;0.90;-0.15;-0.17;11.22;-1.71;-0.97;-0.05;-0.78;-0.86;28.20;-8.05;101687;0.08,-14,11

+RCV=1,98,32.628859;-115.446637;0.90;-0.17;-0.15;11.31;-1.53;-0.92;0.01;-0.85;-0.75;28.20;-7.97;101690;-0.08,-14,11

+RCV=1,99,32.628859;-115.446638;0.90;-0.18;-0.17;11.26;-1.76;-1.15;-0.05;-0.90;-0.84;28.20;-7.97;101691;-0.17,-14,11

+RCV=1,98,32.628859;-115.446638;0.90;-0.18;-0.12;11.37;-1.69;-0.97;-0.08;-0.90;-0.60;28.20;-8.05;101684;0.42,-14,11

+RCV=1,97,32.628860;-115.446637;0.90;-0.15;-0.11;11.26;-1.68;-0.95;0.03;-0.74;-0.54;28.20;-8.22;101687;0.00,-13,11

+RCV=1,97,32.628862;-115.446635;0.90;-0.14;-0.10;11.29;-1.66;-1.14;0.04;-0.72;-0.51;28.20;-7.89;101684;0.00,-13,11

+RCV=1,99,32.628861;-115.446636;0.90;-0.14;-0.15;11.25;-1.83;-1.05;-0.16;-0.73;-0.77;28.20;-7.72;101688;-0.08,-14,11

+RCV=1,99,32.628861;-115.446637;0.90;-0.19;-0.15;11.29;-1.82;-1.02;-0.02;-0.97;-0.77;28.20;-8.22;101695;-0.50,-13,11

+RCV=1,99,32.628861;-115.446637;0.90;-0.17;-0.16;11.24;-1.70;-0.91;-0.04;-0.87;-0.82;28.20;-8.22;101692;-0.33,-13,11

+RCV=1,98,32.628861;-115.446640;0.90;-0.13;-0.14;11.36;-1.63;-0.87;-0.12;-0.68;-0.69;28.20;-8.22;101695;0.00,-14,10

+RCV=1,98,32.628863;-115.446640;0.90;-0.16;-0.14;11.28;-1.72;-1.05;0.08;-0.83;-0.71;28.20;-7.72;101694;-0.33,-14,11

+RCV=1,98,32.628865;-115.446639;0.90;-0.18;-0.16;11.26;-1.59;-0.98;-0.09;-0.91;-0.79;28.20;-8.22;101686;0.00,-14,11

+RCV=1,98,32.628866;-115.446637;0.90;-0.22;-0.11;11.40;-1.72;-1.01;0.08;-1.10;-0.55;28.20;-8.30;101692;-0.08,-14,11

+RCV=1,99,32.628867;-115.446637;0.90;-0.12;-0.15;11.23;-1.75;-1.08;-0.02;-0.64;-0.78;28.20;-8.63;101694;-0.25,-13,11

+RCV=1,98,32.628867;-115.446640;0.90;-0.18;-0.14;11.32;-1.72;-0.90;0.15;-0.92;-0.69;28.20;-8.30;101699;-0.25,-14,11

+RCV=1,99,32.628866;-115.446643;0.90;-0.21;-0.11;11.32;-1.63;-1.01;-0.07;-1.08;-0.57;28.20;-8.80;101698;-0.50,-14,11

+RCV=1,98,32.628866;-115.446644;0.90;-0.15;-0.17;11.29;-1.68;-0.98;0.19;-0.74;-0.85;28.20;-8.63;101692;-0.75,-14,11

+RCV=1,97,32.628867;-115.446643;0.90;-0.16;-0.13;11.25;-1.73;-0.98;0.13;-0.82;-0.65;28.20;-8.05;101689;0.00,-13,11

+RCV=1,99,32.628868;-115.446643;0.90;-0.15;-0.09;11.24;-1.75;-0.86;-0.08;-0.74;-0.48;28.20;-8.30;101694;-0.25,-14,10

+RCV=1,98,32.628869;-115.446643;0.90;-0.19;-0.10;11.27;-1.63;-0.85;0.02;-0.97;-0.50;28.20;-8.13;101694;-0.50,-14,11

+RCV=1,99,32.628871;-115.446645;0.90;-0.14;-0.13;11.35;-1.80;-1.06;-0.15;-0.70;-0.64;28.20;-8.55;101696;-0.50,-13,11

+RCV=1,97,32.628872;-115.446648;0.90;-0.18;-0.07;11.37;-1.79;-0.97;0.16;-0.92;-0.34;28.20;-8.88;101696;0.17,-14,11

+RCV=1,99,32.628872;-115.446650;0.90;-0.16;-0.16;11.30;-1.74;-0.98;-0.04;-0.83;-0.81;28.20;-8.05;101689;-0.17,-14,10

+RCV=1,99,32.628873;-115.446652;0.90;-0.09;-0.14;11.25;-1.79;-0.86;-0.04;-0.46;-0.70;28.20;-8.47;101690;-0.50,-14,10

+RCV=1,98,32.628873;-115.446651;0.90;-0.20;-0.15;11.33;-1.63;-0.92;0.05;-0.99;-0.76;28.20;-8.55;101697;-0.50,-14,11

+RCV=1,98,32.628875;-115.446650;0.90;-0.15;-0.12;11.28;-1.77;-1.14;0.02;-0.78;-0.63;28.20;-8.72;101694;-0.50,-14,11

+RCV=1,99,32.628877;-115.446656;0.90;-0.15;-0.12;11.33;-1.69;-1.08;-0.15;-0.78;-0.61;28.20;-8.38;101693;-0.08,-14,10

+RCV=1,99,32.628878;-115.446656;0.90;-0.16;-0.12;11.27;-1.69;-1.09;-0.03;-0.79;-0.60;28.20;-8.72;101695;-0.50,-14,10

+RCV=1,97,32.628880;-115.446658;0.90;-0.17;-0.08;11.37;-1.66;-0.88;0.02;-0.84;-0.40;28.20;-8.72;101691;0.58,-14,11

+RCV=1,97,32.628882;-115.446656;0.95;-0.20;-0.16;11.31;-1.74;-0.87;0.09;-1.03;-0.80;28.20;-7.80;101688;0.33,-14,11

+RCV=1,98,32.628884;-115.446656;0.95;-0.12;-0.14;11.24;-1.60;-0.89;-0.15;-0.61;-0.72;28.20;-7.80;101689;0.17,-14,11

+RCV=1,98,32.628883;-115.446655;0.95;-0.21;-0.14;11.32;-1.80;-1.00;-0.22;-1.04;-0.72;28.20;-7.89;101688;0.00,-14,11

+RCV=1,97,32.628884;-115.446657;0.90;-0.15;-0.10;11.25;-1.90;-1.03;0.05;-0.77;-0.49;28.20;-8.38;101694;0.42,-14,11

+RCV=1,98,32.628882;-115.446657;0.95;-0.18;-0.15;11.39;-1.90;-0.85;0.07;-0.93;-0.73;28.20;-8.30;101694;-0.17,-14,11

+RCV=1,99,32.628881;-115.446657;0.95;-0.16;-0.11;11.20;-1.68;-0.99;-0.18;-0.80;-0.56;28.20;-7.72;101693;-0.75,-14,11

+RCV=1,98,32.628879;-115.446656;1.24;-0.14;-0.17;11.26;-1.81;-1.05;-0.08;-0.72;-0.87;28.20;-8.47;101688;0.00,-14,11

+RCV=1,99,32.628879;-115.446656;1.24;-0.13;-0.16;11.30;-1.82;-0.96;-0.06;-0.66;-0.80;28.20;-8.72;101695;-0.25,-14,10

+RCV=1,97,32.628880;-115.446654;1.05;-0.17;-0.08;11.31;-1.65;-1.00;0.05;-0.86;-0.40;28.20;-7.64;101694;0.42,-14,11

+RCV=1,98,32.628881;-115.446653;1.05;-0.20;-0.16;11.26;-1.66;-0.99;0.01;-1.01;-0.82;28.20;-8.22;101690;-0.50,-14,11

+RCV=1,98,32.628879;-115.446659;0.90;-0.20;-0.13;11.29;-1.63;-1.11;-0.12;-1.01;-0.66;28.20;-8.38;101695;0.25,-14,11

+RCV=1,98,32.628877;-115.446664;0.90;-0.14;-0.09;11.30;-1.70;-1.05;-0.05;-0.70;-0.44;28.20;-8.55;101692;0.00,-14,11

+RCV=1,99,32.628879;-115.446664;0.90;-0.20;-0.12;11.30;-1.73;-0.96;-0.07;-1.00;-0.59;28.20;-8.55;101697;-0.17,-14,10

+RCV=1,98,32.628879;-115.446665;0.90;-0.20;-0.09;11.30;-1.51;-1.06;-0.11;-1.00;-0.46;28.20;-8.80;101697;0.00,-14,11

+RCV=1,97,32.628881;-115.446663;0.90;-0.21;-0.14;11.25;-1.79;-0.96;0.23;-1.06;-0.70;28.20;-8.13;101684;0.00,-13,11

+RCV=1,98,32.628880;-115.446665;0.90;-0.17;-0.08;11.28;-1.77;-0.98;0.14;-0.85;-0.41;28.20;-8.96;101694;-0.25,-15,10

+RCV=1,98,32.628881;-115.446664;0.90;-0.23;-0.08;11.29;-1.68;-0.92;0.00;-1.17;-0.41;28.20;-7.80;101694;-0.83,-14,11

+RCV=1,99,32.628881;-115.446664;0.90;-0.18;-0.15;11.39;-1.82;-0.88;-0.02;-0.90;-0.76;28.20;-8.22;101697;-0.66,-13,10

+RCV=1,97,32.628882;-115.446661;0.90;-0.20;-0.16;11.26;-1.66;-0.99;0.05;-1.01;-0.83;28.20;-7.64;101693;0.00,-13,11

+RCV=1,99,32.628884;-115.446659;0.90;-0.19;-0.18;11.29;-1.73;-1.08;-0.11;-0.95;-0.92;28.20;-7.80;101692;-0.08,-13,10

+RCV=1,99,32.628885;-115.446655;0.90;-0.16;-0.13;11.20;-1.82;-0.93;-0.11;-0.82;-0.69;28.20;-8.72;101697;-0.08,-14,11

+RCV=1,97,32.628885;-115.446653;0.90;-0.21;-0.12;11.33;-1.82;-1.02;0.21;-1.05;-0.59;28.20;-8.30;101697;0.08,-12,11

+RCV=1,98,32.628886;-115.446650;0.90;-0.20;-0.14;11.27;-1.84;-0.97;-0.13;-1.03;-0.73;28.20;-7.55;101689;0.50,-15,10

+RCV=1,99,32.628887;-115.446647;0.90;-0.17;-0.13;11.44;-1.84;-1.08;-0.06;-0.86;-0.64;28.20;-7.80;101691;-0.42,-16,11

+RCV=1,98,32.628887;-115.446645;0.90;-0.16;-0.16;11.30;-1.88;-1.00;-0.08;-0.79;-0.81;28.20;-7.72;101695;0.00,-13,11

+RCV=1,98,32.628887;-115.446643;0.90;-0.12;-0.12;11.34;-1.66;-1.09;0.13;-0.59;-0.59;28.20;-8.72;101699;-0.50,-13,11

+RCV=1,99,32.628886;-115.446642;0.90;-0.16;-0.13;11.32;-1.68;-0.85;-0.14;-0.80;-0.68;28.20;-8.88;101697;-0.08,-13,10

+RCV=1,98,32.628886;-115.446642;0.90;-0.18;-0.11;11.35;-1.66;-1.11;0.07;-0.89;-0.57;28.20;-8.22;101695;-0.08,-12,10

+RCV=1,98,32.628885;-115.446639;0.90;-0.19;-0.18;11.28;-1.77;-1.01;-0.05;-0.95;-0.91;28.20;-8.63;101697;0.17,-13,10

+RCV=1,98,32.628884;-115.446637;0.90;-0.13;-0.14;11.19;-1.83;-0.92;0.12;-0.67;-0.70;28.20;-8.22;101694;-0.50,-14,11

+RCV=1,98,32.628883;-115.446634;0.90;-0.18;-0.12;11.31;-1.82;-0.94;0.13;-0.90;-0.62;28.20;-7.97;101692;-0.25,-14,11

+RCV=1,99,32.628882;-115.446630;0.90;-0.16;-0.11;11.30;-1.74;-0.85;-0.11;-0.81;-0.57;28.20;-8.72;101694;-0.33,-12,11

+RCV=1,97,32.628881;-115.446627;0.90;-0.16;-0.12;11.23;-1.59;-0.95;0.01;-0.79;-0.61;28.20;-8.30;101693;0.00,-12,11

+RCV=1,98,32.628880;-115.446622;0.90;-0.18;-0.13;11.28;-1.73;-1.06;0.05;-0.91;-0.64;28.20;-8.55;101695;-0.50,-12,10

+RCV=1,99,32.628878;-115.446621;0.90;-0.20;-0.14;11.28;-1.71;-0.83;-0.10;-1.03;-0.69;28.30;-8.63;101699;-0.42,-12,12

+RCV=1,98,32.628876;-115.446620;0.90;-0.18;-0.14;11.19;-1.73;-0.83;0.05;-0.92;-0.74;28.20;-8.38;101690;-0.25,-12,10

+RCV=1,97,32.628875;-115.446620;0.90;-0.14;-0.16;11.30;-1.71;-0.98;0.03;-0.72;-0.83;28.20;-7.97;101689;0.00,-12,11

+RCV=1,99,32.628873;-115.446620;0.90;-0.19;-0.13;11.34;-1.66;-0.92;-0.08;-0.98;-0.64;28.20;-8.47;101701;-0.66,-12,10

+RCV=1,98,32.628871;-115.446619;0.90;-0.09;-0.14;11.22;-1.63;-0.90;0.05;-0.44;-0.70;28.20;-7.80;101688;-0.33,-12,10

+RCV=1,99,32.628869;-115.446621;0.90;-0.14;-0.18;11.30;-1.81;-1.08;-0.02;-0.69;-0.94;28.20;-8.47;101689;-0.50,-12,11

+RCV=1,98,32.628868;-115.446622;0.90;-0.18;-0.10;11.36;-1.72;-0.92;0.12;-0.92;-0.48;28.20;-8.22;101688;-0.50,-12,11

+RCV=1,98,32.628865;-115.446619;0.90;-0.20;-0.15;11.29;-1.81;-0.93;0.05;-1.02;-0.77;28.30;-8.55;101700;-0.50,-12,10

+RCV=1,99,32.628864;-115.446619;0.90;-0.18;-0.14;11.32;-1.80;-1.17;-0.04;-0.91;-0.73;28.30;-8.88;101696;-0.17,-12,11

+RCV=1,99,32.628863;-115.446619;0.90;-0.19;-0.18;11.32;-1.63;-0.87;-0.20;-0.95;-0.90;28.20;-8.63;101689;-0.58,-12,10

+RCV=1,99,32.628862;-115.446624;0.90;-0.14;-0.13;11.30;-1.82;-0.87;-0.13;-0.70;-0.67;28.30;-8.55;101697;-0.50,-12,11

+RCV=1,99,32.628862;-115.446628;0.90;-0.14;-0.18;11.34;-1.69;-0.98;-0.03;-0.71;-0.93;28.30;-8.88;101692;-0.83,-12,10

+RCV=1,99,32.628861;-115.446630;0.96;-0.22;-0.24;11.33;-1.69;-0.99;-0.09;-1.09;-1.20;28.30;-7.89;101691;-0.42,-12,10

+RCV=1,98,32.628861;-115.446630;0.96;-0.17;-0.16;11.25;-1.67;-0.85;0.14;-0.85;-0.79;28.30;-8.88;101694;-0.42,-12,10

+RCV=1,98,32.628861;-115.446629;0.96;-0.20;-0.09;11.35;-1.76;-1.06;-0.05;-1.02;-0.44;28.30;-8.22;101690;0.08,-12,11

+RCV=1,99,32.628862;-115.446632;0.90;-0.16;-0.11;11.22;-1.67;-0.91;-0.18;-0.81;-0.59;28.30;-8.30;101693;-0.25,-12,10

+RCV=1,98,32.628862;-115.446630;0.94;-0.20;-0.14;11.37;-1.69;-1.09;0.07;-1.00;-0.70;28.30;-8.47;101697;-0.58,-12,10

+RCV=1,98,32.628863;-115.446635;0.94;-0.17;-0.08;11.34;-1.66;-1.05;0.14;-0.87;-0.41;28.30;-8.30;101695;-0.50,-12,11

+RCV=1,99,32.628863;-115.446634;0.94;-0.11;-0.17;11.30;-1.65;-0.90;-0.01;-0.57;-0.85;28.20;-8.63;101700;-0.58,-12,10

+RCV=1,99,32.628865;-115.446639;0.94;-0.17;-0.10;11.38;-1.69;-1.13;-0.11;-0.87;-0.48;28.30;-8.72;101699;-0.42,-12,10

+RCV=1,98,32.628867;-115.446643;0.94;-0.17;-0.18;11.29;-1.56;-1.07;-0.05;-0.85;-0.94;28.30;-8.13;101689;0.00,-12,10

+RCV=1,98,32.628868;-115.446646;0.89;-0.22;-0.12;11.36;-1.68;-0.95;0.13;-1.09;-0.60;28.30;-8.22;101689;-0.17,-12,10

+RCV=1,99,32.628866;-115.446642;0.89;-0.20;-0.15;11.29;-1.59;-0.85;-0.15;-1.00;-0.75;28.30;-8.30;101700;-0.50,-12,11

+RCV=1,99,32.628865;-115.446640;0.89;-0.14;-0.14;11.34;-1.60;-0.95;-0.08;-0.73;-0.71;28.30;-8.38;101693;-0.25,-12,11

+RCV=1,97,32.628865;-115.446641;0.89;-0.18;-0.12;11.34;-1.71;-0.89;0.03;-0.90;-0.61;28.20;-7.89;101691;0.42,-12,10

+RCV=1,98,32.628864;-115.446643;0.89;-0.14;-0.14;11.29;-1.69;-0.91;0.02;-0.73;-0.69;28.20;-8.05;101693;-0.42,-12,11

+RCV=1,99,32.628863;-115.446644;0.89;-0.18;-0.17;11.30;-1.74;-0.98;-0.19;-0.90;-0.86;28.30;-8.13;101688;-0.42,-12,11

+RCV=1,98,32.628862;-115.446644;0.89;-0.10;-0.10;11.39;-1.77;-0.98;0.11;-0.48;-0.49;28.20;-8.30;101696;-0.08,-12,10

+RCV=1,98,32.628861;-115.446640;0.89;-0.12;-0.11;11.36;-1.75;-0.85;0.00;-0.60;-0.56;28.20;-8.47;101697;-0.17,-12,11

+RCV=1,99,32.628860;-115.446639;0.89;-0.17;-0.14;11.31;-1.78;-1.03;-0.04;-0.86;-0.69;28.20;-8.47;101690;-0.25,-12,10

+RCV=1,97,32.628860;-115.446638;0.89;-0.19;-0.14;11.30;-1.63;-0.89;0.05;-0.97;-0.72;28.30;-7.80;101686;0.58,-12,10

+RCV=1,99,32.628859;-115.446634;0.89;-0.18;-0.14;11.32;-1.76;-1.14;-0.19;-0.93;-0.69;28.30;-8.63;101702;-0.91,-12,10

+RCV=1,99,32.628859;-115.446630;0.89;-0.19;-0.14;11.36;-1.65;-0.97;-0.11;-0.97;-0.71;28.30;-8.88;101699;-0.91,-12,11

+RCV=1,97,32.628858;-115.446626;0.89;-0.17;-0.06;11.34;-1.56;-1.04;0.01;-0.86;-0.31;28.30;-9.05;101697;0.00,-12,11

+RCV=1,99,32.628857;-115.446625;0.89;-0.18;-0.06;11.26;-1.70;-0.97;-0.02;-0.91;-0.30;28.30;-8.22;101698;-0.25,-12,10

+RCV=1,98,32.628854;-115.446613;0.94;-0.16;-0.17;11.27;-1.60;-1.03;0.03;-0.80;-0.86;28.30;-8.38;101697;-0.50,-12,10

+RCV=1,98,32.628852;-115.446610;0.94;-0.17;-0.11;11.30;-1.68;-0.92;-0.01;-0.84;-0.57;28.30;-8.38;101695;0.00,-12,10

+RCV=1,99,32.628853;-115.446612;0.94;-0.20;-0.13;11.38;-1.66;-0.88;-0.11;-1.00;-0.66;28.30;-8.88;101697;-0.83,-12,10

+RCV=1,98,32.628853;-115.446613;0.94;-0.12;-0.11;11.34;-1.82;-0.85;0.05;-0.63;-0.57;28.30;-8.72;101701;-0.58,-12,10

+RCV=1,98,32.628853;-115.446613;1.02;-0.20;-0.11;11.30;-1.79;-0.95;0.02;-1.01;-0.57;28.30;-8.63;101696;-0.50,-12,11

+RCV=1,99,32.628853;-115.446610;1.02;-0.16;-0.11;11.31;-1.72;-0.92;-0.01;-0.81;-0.58;28.30;-8.72;101697;-0.58,-12,11

+RCV=1,99,32.628852;-115.446606;1.02;-0.13;-0.14;11.34;-1.67;-1.11;-0.06;-0.65;-0.69;28.30;-8.47;101696;-0.42,-12,11

+RCV=1,99,32.628852;-115.446602;1.02;-0.14;-0.14;11.29;-1.74;-0.95;-0.04;-0.69;-0.69;28.30;-8.30;101699;-0.33,-12,11

+RCV=1,98,32.628852;-115.446601;1.02;-0.16;-0.11;11.24;-1.76;-1.02;0.15;-0.83;-0.55;28.30;-7.89;101686;-0.33,-12,11

+RCV=1,97,32.628852;-115.446601;1.02;-0.19;-0.08;11.31;-1.82;-1.11;0.00;-0.96;-0.39;28.30;-7.64;101691;0.25,-12,11

+RCV=1,99,32.628852;-115.446599;1.02;-0.17;-0.08;11.28;-1.72;-0.91;-0.12;-0.85;-0.43;28.30;-8.22;101695;-0.17,-12,10

+RCV=1,97,32.628852;-115.446599;1.02;-0.16;-0.15;11.35;-1.67;-0.95;0.19;-0.79;-0.74;28.30;-7.80;101691;0.00,-12,11

+RCV=1,98,32.628854;-115.446600;1.02;-0.14;-0.14;11.31;-1.68;-0.95;-0.11;-0.72;-0.70;28.20;-8.47;101694;0.00,-12,11

+RCV=1,97,32.628854;-115.446601;1.02;-0.18;-0.13;11.34;-1.68;-1.06;0.00;-0.90;-0.65;28.30;-8.22;101691;0.33,-12,11

+RCV=1,99,32.628857;-115.446612;1.02;-0.19;-0.21;11.29;-1.88;-1.02;-0.22;-0.95;-1.05;28.30;-8.47;101691;-0.42,-13,11

+RCV=1,99,32.628858;-115.446614;1.02;-0.19;-0.10;11.37;-1.82;-1.06;-0.03;-0.97;-0.49;28.30;-8.22;101692;-0.58,-12,10

+RCV=1,99,32.628858;-115.446607;1.02;-0.15;-0.09;11.33;-1.75;-1.08;-0.11;-0.75;-0.44;28.30;-8.38;101690;-0.33,-12,11

+RCV=1,98,32.628858;-115.446611;1.02;-0.18;-0.06;11.30;-1.82;-1.02;0.16;-0.91;-0.29;28.30;-8.13;101692;-0.17,-14,11

+RCV=1,98,32.628858;-115.446610;1.02;-0.22;-0.21;11.25;-1.80;-0.85;-0.05;-1.13;-1.05;28.30;-8.30;101694;0.33,-13,10

+RCV=1,98,32.628858;-115.446610;1.02;-0.18;-0.13;11.26;-1.76;-1.00;-0.07;-0.94;-0.68;28.30;-7.80;101687;0.17,-13,10

+RCV=1,98,32.628855;-115.446610;1.02;-0.17;-0.14;11.22;-1.75;-0.95;0.04;-0.84;-0.70;28.30;-8.13;101693;-0.25,-13,10

+RCV=1,97,32.628855;-115.446613;1.02;-0.17;-0.11;11.32;-1.84;-0.91;0.08;-0.84;-0.58;28.30;-8.38;101694;0.17,-13,11

+RCV=1,97,32.628856;-115.446614;1.02;-0.20;-0.17;11.34;-1.75;-1.16;0.04;-1.03;-0.85;28.30;-8.55;101692;0.08,-15,11

+RCV=1,99,32.628859;-115.446611;1.02;-0.20;-0.08;11.34;-1.65;-0.95;-0.05;-1.03;-0.41;28.30;-8.55;101694;-0.33,-13,11

+RCV=1,98,32.628861;-115.446606;0.89;-0.19;-0.13;11.25;-1.72;-1.26;-0.06;-0.95;-0.65;28.30;-8.80;101696;0.08,-13,11

+RCV=1,99,32.628862;-115.446604;0.89;-0.14;-0.09;11.24;-1.76;-0.98;-0.06;-0.70;-0.44;28.30;-8.55;101694;-0.42,-13,11

+RCV=1,99,32.628862;-115.446604;0.89;-0.19;-0.13;11.30;-1.44;-0.97;-0.05;-0.97;-0.68;28.30;-8.30;101704;-0.50,-13,11

+RCV=1,99,32.628862;-115.446605;0.94;-0.21;-0.11;11.29;-1.79;-1.05;-0.10;-1.07;-0.58;28.30;-8.22;101696;-0.91,-13,11

+RCV=1,98,32.628861;-115.446605;0.94;-0.19;-0.09;11.27;-1.57;-0.89;0.00;-0.95;-0.45;28.30;-8.47;101696;-0.17,-13,11

+RCV=1,99,32.628860;-115.446608;0.94;-0.19;-0.10;11.26;-1.63;-1.01;-0.08;-0.98;-0.51;28.20;-8.63;101692;-0.08,-13,11

+RCV=1,99,32.628860;-115.446612;1.02;-0.04;-0.14;11.23;-1.65;-0.95;-0.26;-0.22;-0.71;28.30;-8.22;101694;-0.25,-13,11

+RCV=1,97,32.628860;-115.446614;1.02;-0.18;-0.14;11.30;-1.73;-1.05;0.02;-0.90;-0.73;28.30;-8.30;101690;0.00,-12,11

+RCV=1,98,32.628861;-115.446614;1.02;-0.16;-0.14;11.22;-1.89;-0.84;-0.07;-0.80;-0.71;28.30;-8.05;101695;0.00,-13,11

+RCV=1,99,32.628861;-115.446613;1.02;-0.22;-0.16;11.26;-1.76;-0.95;-0.20;-1.12;-0.82;28.30;-8.55;101696;-0.50,-13,11

+RCV=1,98,32.628861;-115.446612;1.02;-0.14;-0.12;11.30;-1.77;-1.02;0.02;-0.70;-0.62;28.20;-8.47;101698;-0.66,-13,11

+RCV=1,99,32.628861;-115.446615;1.02;-0.22;-0.12;11.25;-1.88;-0.85;-0.04;-1.13;-0.62;28.20;-8.72;101697;-1.08,-13,11

+RCV=1,99,32.628861;-115.446621;1.02;-0.10;-0.13;11.26;-1.85;-1.05;-0.03;-0.50;-0.67;28.20;-8.96;101698;-1.08,-13,11

+RCV=1,99,32.628861;-115.446624;1.02;-0.18;-0.11;11.39;-1.56;-0.97;-0.03;-0.90;-0.53;28.30;-8.80;101700;-0.42,-13,11

+RCV=1,98,32.628860;-115.446625;1.02;-0.22;-0.13;11.24;-1.88;-1.02;0.06;-1.10;-0.67;28.30;-8.96;101697;-0.83,-13,11

+RCV=1,99,32.628858;-115.446628;1.02;-0.16;-0.14;11.31;-1.64;-1.01;-0.02;-0.83;-0.70;28.30;-8.47;101692;-0.08,-13,11

+RCV=1,99,32.628856;-115.446630;1.02;-0.20;-0.06;11.29;-1.76;-0.95;-0.02;-1.01;-0.28;28.30;-8.30;101698;-0.42,-13,12

+RCV=1,97,32.628855;-115.446631;1.02;-0.21;-0.11;11.29;-1.79;-0.80;0.05;-1.07;-0.57;28.20;-8.22;101692;0.00,-13,11

+RCV=1,98,32.628854;-115.446633;1.02;-0.19;-0.12;11.24;-1.63;-0.89;0.08;-0.99;-0.61;28.20;-8.05;101700;-0.08,-13,11

+RCV=1,99,32.628852;-115.446635;1.02;-0.15;-0.15;11.37;-1.79;-0.97;-0.19;-0.75;-0.75;28.30;-8.30;101695;-0.42,-13,11

+RCV=1,99,32.628851;-115.446637;1.02;-0.16;-0.10;11.29;-1.64;-1.06;-0.03;-0.81;-0.52;28.20;-8.13;101695;-0.66,-13,10

+RCV=1,99,32.628850;-115.446638;1.02;-0.15;-0.14;11.39;-1.70;-1.05;-0.15;-0.73;-0.69;28.20;-8.38;101696;-0.25,-13,10

+RCV=1,99,32.628849;-115.446641;1.02;-0.17;-0.14;11.26;-1.78;-0.89;-0.05;-0.87;-0.69;28.30;-8.72;101698;-0.58,-13,11

+RCV=1,98,32.628848;-115.446642;1.02;-0.16;-0.11;11.27;-1.79;-0.93;0.02;-0.83;-0.54;28.20;-8.88;101702;-0.75,-13,10

+RCV=1,98,32.628847;-115.446644;1.02;-0.18;-0.09;11.25;-1.73;-0.98;0.02;-0.93;-0.45;28.20;-8.80;101704;-0.66,-13,10

+RCV=1,99,32.628846;-115.446646;1.02;-0.14;-0.11;11.29;-1.66;-0.96;-0.05;-0.70;-0.53;28.30;-8.80;101698;-0.75,-13,10

+RCV=1,98,32.628846;-115.446647;1.02;-0.18;-0.18;11.31;-1.66;-1.13;0.04;-0.92;-0.90;28.30;-8.47;101691;-0.50,-13,11

+RCV=1,99,32.628845;-115.446648;1.02;-0.16;-0.19;11.35;-1.76;-0.89;-0.21;-0.80;-0.98;28.20;-8.55;101699;-0.58,-14,11

+RCV=1,97,32.628844;-115.446649;1.02;-0.16;-0.14;11.35;-1.73;-1.07;0.02;-0.80;-0.73;28.20;-8.55;101690;0.42,-13,11

+RCV=1,99,32.628843;-115.446651;1.02;-0.20;-0.11;11.24;-1.75;-0.96;-0.01;-1.04;-0.57;28.30;-8.63;101696;-0.42,-13,10

+RCV=1,98,32.628842;-115.446651;1.02;-0.13;-0.12;11.30;-1.89;-1.05;-0.11;-0.64;-0.63;28.30;-8.05;101688;0.25,-13,11

+RCV=1,98,32.628841;-115.446651;1.02;-0.19;-0.16;11.30;-1.68;-0.92;-0.06;-0.97;-0.80;28.30;-8.13;101690;0.17,-13,11

+RCV=1,99,32.628840;-115.446651;1.02;-0.16;-0.07;11.35;-1.68;-1.02;-0.14;-0.82;-0.37;28.20;-8.63;101699;-0.91,-14,11

+RCV=1,98,32.628840;-115.446651;1.02;-0.19;-0.16;11.34;-1.57;-0.91;0.00;-0.94;-0.81;28.30;-9.63;101700;-0.75,-16,10

+RCV=1,99,32.628840;-115.446650;1.02;-0.17;-0.16;11.30;-1.66;-0.99;-0.06;-0.84;-0.79;28.30;-8.30;101701;-0.25,-14,11

+RCV=1,98,32.628844;-115.446648;1.02;-0.18;-0.14;11.30;-1.69;-1.02;0.00;-0.92;-0.73;28.30;-8.80;101697;-0.42,-18,10

+RCV=1,98,32.628845;-115.446649;0.89;-0.14;-0.19;11.32;-1.82;-0.91;0.05;-0.72;-0.96;28.30;-8.47;101696;-0.33,-16,10

+RCV=1,99,32.628848;-115.446646;0.89;-0.24;-0.16;11.35;-1.74;-0.87;-0.01;-1.22;-0.79;28.30;-8.13;101693;-0.42,-15,10

+RCV=1,99,32.628849;-115.446646;0.89;-0.16;-0.15;11.31;-1.90;-1.00;-0.24;-0.79;-0.75;28.30;-8.63;101693;-0.75,-20,11


